Tag	p.value	HR	Low 95%CI	High 95%CI
PFN2	0.053	1.143	0.998	1.31
ST3GAL6	0.109	1.266	0.948	1.691
MAP9	0.227	1.143	0.92	1.421
FOXP1	0.577	0.925	0.702	1.218
NLGN2	0.43	1.084	0.887	1.325
FAM89B	0.519	1.116	0.799	1.558
PHF1	0.311	1.192	0.848	1.677
DIPK1A	0.298	1.161	0.877	1.537
GUCY1A1	0.479	1.053	0.913	1.214
ZNF880	0.794	1.025	0.851	1.234
PTPRB	0.364	1.126	0.871	1.457
TRABD2B	0.291	1.11	0.914	1.347
MUSK	0.283	1.147	0.893	1.474
RPRM	0.847	1.02	0.83	1.255
GLI3	0.193	1.135	0.938	1.374
KCNE4	0.089	1.163	0.977	1.385
EFS	0.164	1.142	0.947	1.378
EPB41L2	0.255	1.131	0.915	1.399
EPHA3	0.897	1.01	0.864	1.181
PDE5A	0.362	1.096	0.9	1.334
PLIN4	0.121	1.078	0.98	1.186
HEY2	0.468	1.094	0.859	1.393
ACOX2	0.082	1.176	0.98	1.411
NTM	0.164	1.154	0.943	1.413
ASB2	0.433	1.054	0.924	1.204
MATN3	0.001	1.285	1.112	1.484
RCN3	0.917	1.01	0.845	1.206
RNF24	0.746	0.958	0.738	1.243
DIPK1B	0.215	1.127	0.933	1.361
PCBP3	0.704	1.049	0.818	1.346
GALNT16	0.251	1.136	0.914	1.412
NLGN3	0.616	1.07	0.821	1.396
ZNF850	0.612	1.066	0.834	1.362
PRKACB	0.494	1.071	0.88	1.302
HOOK3	0.544	1.082	0.84	1.394
SLC18A2	0.118	1.188	0.957	1.476
DENND5A	0.14	1.179	0.947	1.469
ISLR2	0.124	1.216	0.948	1.561
PDE1C	0.53	1.087	0.838	1.409
ABCA1	0.067	1.226	0.986	1.525
POU6F1	0.545	1.092	0.821	1.451
CSPG4	0.355	1.075	0.922	1.253
RTN2	0.27	1.145	0.9	1.458
NR2F1	0.108	1.136	0.973	1.326
OSBPL5	0.785	1.033	0.82	1.301
CDH6	0.033	1.369	1.025	1.828
ZNF425	0.874	1.032	0.702	1.517
SGCB	0.414	1.114	0.86	1.444
ERO1B	0.85	1.02	0.828	1.257
RBM43	0.303	1.18	0.861	1.616
TTLL1	0.653	1.069	0.799	1.432
HS3ST3A1	0.956	0.994	0.789	1.251
F2RL2	0.982	1.002	0.854	1.176
FGF10	0.199	1.107	0.948	1.291
RASD2	0.637	1.047	0.865	1.268
PRRT2	0.519	1.11	0.807	1.527
LRIG1	0.734	1.034	0.852	1.254
TMOD1	0.195	1.104	0.951	1.282
FXYD6	0.403	1.072	0.911	1.26
DPYSL3	0.187	1.084	0.962	1.222
APBA2	0.964	0.994	0.763	1.296
ANTXR2	0.04	1.196	1.008	1.419
PBX1	0.88	1.015	0.837	1.23
ADAMTSL4	0.44	1.076	0.894	1.295
SORBS2	0.939	0.993	0.839	1.176
PRPH2	0.231	1.242	0.871	1.771
CDO1	0.108	1.168	0.966	1.413
MARVELD1	0.06	1.214	0.992	1.486
NREP	0.049	1.247	1.001	1.553
LSAMP	0.846	1.019	0.844	1.23
CDON	0.513	1.067	0.878	1.297
LRRC32	0.088	1.163	0.978	1.383
CALHM2	0.239	1.151	0.911	1.456
INKA1	0.542	1.092	0.822	1.451
BMP8A	0.531	1.062	0.879	1.284
PRX	0.686	1.074	0.76	1.516
POMC	0.571	1.056	0.875	1.275
ZNF532	0.247	1.129	0.919	1.387
CDH11	0.157	1.135	0.952	1.353
HCFC2	0.202	1.219	0.899	1.653
CMTM3	0.086	1.19	0.976	1.45
NKX3__2	1	1	0.863	1.159
ZNF528	0.16	1.157	0.944	1.417
CTHRC1	0.068	1.138	0.991	1.306
TENT5B	0.729	1.023	0.899	1.165
CFL2	0.203	1.104	0.948	1.284
NRIP3	0.562	1.078	0.837	1.387
ZFHX3	0.476	1.089	0.862	1.376
DACT1	0.275	1.097	0.929	1.296
ECM1	0.815	1.018	0.879	1.178
NRN1	0.712	0.967	0.812	1.153
MMP11	0.078	1.104	0.989	1.233
NFASC	0.435	1.064	0.91	1.245
P3H3	0.356	1.091	0.907	1.313
ZFP28	0.356	1.135	0.868	1.483
MEIS3	0.349	1.108	0.894	1.374
ZNF662	0.168	1.165	0.938	1.447
CRTAP	0.209	1.203	0.902	1.605
LRP1	0.065	1.194	0.989	1.441
DDR2	0.23	1.094	0.945	1.268
CYS1	0.153	1.097	0.966	1.246
ASAP3	0.459	1.082	0.879	1.332
ATP8B2	0.223	1.122	0.933	1.349
FBXL22	0.403	1.072	0.911	1.262
KCNA5	0.129	1.165	0.957	1.417
PPP1R12A	0.611	1.07	0.823	1.392
CLMP	0.336	1.067	0.935	1.218
EPHA7	0.326	1.069	0.936	1.221
GLT8D2	0.124	1.166	0.959	1.417
IRF2BPL	0.817	1.032	0.788	1.353
RRAGD	0.077	1.21	0.979	1.496
C8orf88	0.09	1.12	0.982	1.277
ATP10A	0.892	1.016	0.812	1.271
COL8A2	0.253	1.108	0.929	1.32
PTPRM	0.144	1.176	0.946	1.46
NPR3	0.001	1.39	1.147	1.684
IFITM2	0.8	0.976	0.812	1.174
TCF7L1	0.094	1.167	0.974	1.399
KRBA1	0.569	1.07	0.848	1.35
ITIH5	0.239	1.107	0.934	1.312
ADGRL2	0.604	1.054	0.865	1.284
PCDHB14	0.809	1.028	0.821	1.288
PHC2	0.812	1.044	0.734	1.485
F2RL3	0.167	1.137	0.948	1.364
MYOC	0.286	1.074	0.942	1.226
LRCH2	0.117	1.218	0.952	1.557
PDZD4	0.313	1.089	0.922	1.287
BCL2L2	0.87	1.03	0.725	1.463
PTX3	0.227	1.138	0.923	1.404
CD200	0.572	1.07	0.847	1.351
QKI	0.073	1.262	0.978	1.627
PTPN14	0.227	1.181	0.902	1.546
DNAJB5	0.576	1.045	0.896	1.219
SNRPN	0.245	1.116	0.927	1.344
DYNC1I1	0.013	1.267	1.051	1.526
RASSF7	0.978	0.997	0.806	1.233
TNFSF12	0.246	1.136	0.916	1.409
GYPC	0.377	1.08	0.91	1.282
PCOLCE	0.452	1.068	0.899	1.27
MMRN2	0.119	1.189	0.957	1.477
ITPR1	0.652	1.051	0.846	1.306
CD248	0.402	1.08	0.902	1.294
AFAP1L2	0.531	0.938	0.768	1.145
FIBIN	0.234	1.106	0.937	1.304
ZNF879	0.852	1.028	0.769	1.374
ATP2B4	0.193	1.112	0.947	1.306
CYBRD1	0.274	1.088	0.935	1.265
FAM162B	0.068	1.275	0.982	1.656
KATNAL1	0.788	1.034	0.812	1.315
LAMP5	0.015	1.224	1.039	1.441
DCLK1	0.058	1.218	0.993	1.493
KCTD15	0.452	1.081	0.883	1.322
RPS6KA2	0.238	1.17	0.902	1.517
CYP7B1	0.149	1.149	0.952	1.388
TBC1D9	0.825	1.025	0.82	1.282
MPZ	0.553	1.053	0.888	1.247
CNPY4	0.563	1.093	0.809	1.476
RBM24	0.262	1.111	0.924	1.335
GNAO1	0.61	1.037	0.901	1.195
CIRBP	0.818	1.045	0.72	1.517
USP2	0.307	1.112	0.907	1.363
CACNA2D1	0.212	1.101	0.947	1.28
TEF	0.424	1.1	0.871	1.389
PXDN	0.07	1.196	0.986	1.451
ANKRD6	0.016	1.399	1.064	1.839
GNAI1	0.04	1.229	1.01	1.495
ARHGAP31	0.533	1.075	0.856	1.35
ARHGEF25	0.268	1.093	0.934	1.278
EHBP1L1	0.921	1.015	0.76	1.355
PCDH12	0.128	1.226	0.943	1.592
PLSCR4	0.067	1.192	0.988	1.439
RGL1	0.659	1.051	0.843	1.311
RARB	0.223	1.162	0.913	1.478
SATB1	0.443	1.09	0.875	1.358
PHC1	0.597	1.068	0.837	1.362
ST6GALNAC6	0.338	1.146	0.867	1.513
FABP4	0.08	1.096	0.989	1.214
ELN	0.311	1.068	0.941	1.212
SERPINF1	0.262	1.089	0.938	1.265
IGIP	0.604	1.088	0.791	1.498
EID1	0.069	1.254	0.982	1.601
FBLN5	0.143	1.133	0.959	1.339
FAM83D	0.27	1.101	0.928	1.305
TMEM178A	0.523	1.097	0.825	1.459
RBP7	0.048	1.197	1.001	1.431
SEMA3A	0.612	0.957	0.807	1.134
UCN2	0.85	0.977	0.769	1.242
SELENOP	0.499	1.048	0.915	1.201
KCTD10	0.354	1.161	0.846	1.594
IL11RA	0.673	0.933	0.676	1.288
TACC1	0.088	1.19	0.974	1.453
KCTD7	0.711	1.058	0.786	1.424
CYP39A1	0.32	0.898	0.727	1.11
SDC3	0.429	0.923	0.756	1.126
ATP1A2	0.259	1.073	0.95	1.212
SLC25A27	0.987	1.002	0.826	1.215
ARHGAP22	0.909	1.021	0.716	1.454
MAPK8IP1	0.882	1.013	0.854	1.202
LPAR1	0.561	1.059	0.873	1.283
HSPE1	0.211	1.2	0.902	1.596
CCDC92	0.172	1.252	0.907	1.73
ZYX	0.289	1.148	0.889	1.483
EMP1	0.321	1.092	0.918	1.3
BCL6B	0.21	1.167	0.917	1.485
PLA2G4C	0.935	0.991	0.795	1.235
FAM171A2	0.3	1.113	0.909	1.361
GFPT2	0.461	1.067	0.898	1.267
ZNF470	0.604	1.08	0.807	1.445
NDN	0.401	1.07	0.913	1.255
NFATC4	0.289	1.125	0.905	1.398
TNS2	0.417	1.089	0.886	1.338
IQCN	0.565	0.912	0.668	1.246
CCL11	0.845	0.988	0.879	1.112
SARM1	0.674	1.077	0.763	1.52
SRF	0.634	1.07	0.811	1.411
CHMP4C	0.549	0.947	0.792	1.132
NRP1	0.006	1.388	1.1	1.75
SYNPO	0.435	1.078	0.893	1.301
ALDH1B1	0.738	1.031	0.864	1.23
HOMER3	0.074	1.232	0.98	1.548
HRH1	0.149	1.192	0.939	1.511
ECSCR	0.424	1.105	0.865	1.413
ICA1L	0.764	1.049	0.768	1.432
EXOC3L1	0.716	0.942	0.685	1.297
COL6A2	0.281	1.094	0.929	1.29
STC1	0.008	1.293	1.071	1.562
LDLRAD2	0.324	1.15	0.871	1.517
SMPX	0.526	1.036	0.929	1.156
MTURN	0.97	1.004	0.816	1.236
MMP23B	0.395	1.137	0.846	1.528
PRDM11	0.886	1.023	0.753	1.388
CCDC136	0.365	1.073	0.921	1.249
SEPTIN5	0.329	1.107	0.903	1.358
GLIS1	0.955	1.008	0.753	1.351
LMCD1	0.487	1.092	0.852	1.401
CLSTN2	0.576	1.067	0.85	1.339
UCHL1	0.311	1.068	0.94	1.214
LAMC1	0.081	1.183	0.98	1.428
GGT5	0.161	1.14	0.949	1.368
CAMK1D	0.671	1.044	0.856	1.272
JDP2	0.47	0.889	0.645	1.224
SERTAD4	0.617	1.042	0.887	1.225
WWC3	0.603	1.061	0.848	1.328
CACNA1H	0.289	1.073	0.942	1.222
SLC39A13	0.958	1.009	0.73	1.395
TPM4	0.265	1.214	0.863	1.707
COPZ2	0.172	1.137	0.946	1.366
COL16A1	0.883	1.013	0.853	1.203
ADAM22	0.203	1.189	0.911	1.553
SH3BGR	0.519	1.067	0.876	1.299
LOXL3	0.143	1.235	0.931	1.639
PCDHGB7	0.25	1.146	0.908	1.447
COX5B	0.181	1.296	0.886	1.896
ZFP82	0.633	1.083	0.781	1.501
LCAT	0.394	1.138	0.845	1.534
NFIX	0.519	0.937	0.77	1.141
TMEM170B	0.38	1.124	0.866	1.46
CHRDL2	0.487	1.035	0.939	1.142
ADCY4	0.51	1.099	0.83	1.456
PCDHGB5	0.26	1.131	0.913	1.401
MRGPRF	0.464	1.044	0.93	1.173
DACT3	0.326	1.072	0.933	1.232
VAMP8	0.854	1.028	0.767	1.376
TBC1D19	0.262	1.208	0.868	1.681
SLC2A4	0.396	1.06	0.926	1.214
PLXNA4	0.719	1.038	0.847	1.272
FNBP1	0.976	1.003	0.851	1.181
FABP3	0.207	1.105	0.946	1.291
CTXN1	0.218	1.095	0.948	1.264
MAMDC2	0.13	1.112	0.969	1.276
GFRA1	0.032	1.158	1.012	1.325
ZNF354C	0.126	1.243	0.941	1.642
NAP1L2	0.091	1.186	0.973	1.446
TGFB1I1	0.176	1.12	0.95	1.319
ABI3BP	0.244	1.078	0.95	1.224
EPDR1	0.214	1.1	0.946	1.28
MOXD1	0.183	1.116	0.95	1.31
VAT1	0.007	1.379	1.093	1.738
C3orf80	0.821	1.027	0.813	1.298
APBA1	0.332	1.167	0.854	1.596
GLIS2	0.086	1.181	0.977	1.429
PTCH2	0.127	1.156	0.96	1.392
NTNG2	0.904	1.021	0.726	1.437
NBEA	0.548	1.058	0.88	1.272
FAIM2	0.673	0.956	0.778	1.176
CCSER2	0.248	1.166	0.898	1.514
LTBP1	0.305	1.088	0.926	1.277
TMEM158	0.239	0.893	0.74	1.078
KIAA1755	0.596	1.063	0.848	1.331
C1QTNF2	0.165	1.181	0.934	1.492
STC2	0.538	1.059	0.882	1.27
TMEM173	0.367	1.123	0.873	1.446
RASSF3	0.393	1.113	0.871	1.423
TNFSF4	0.933	1.01	0.807	1.263
ARHGAP6	0.247	1.121	0.924	1.359
MAGEE1	0.053	1.269	0.997	1.614
CXCL2	0.403	0.948	0.836	1.075
SHISA3	0.969	1.003	0.879	1.143
LPP	0.422	1.074	0.903	1.278
ATL1	0.739	0.947	0.689	1.303
SPARCL1	0.195	1.082	0.96	1.22
NUDT8	0.764	0.97	0.797	1.181
GKAP1	0.445	0.874	0.619	1.235
STOM	0.07	1.223	0.984	1.522
PEAR1	0.091	1.219	0.969	1.535
STOX2	0.582	1.074	0.834	1.383
ZKSCAN7	0.663	1.071	0.788	1.455
FMOD	0.269	1.086	0.938	1.257
AHNAK	0.093	1.195	0.97	1.471
CLIP4	0.037	1.251	1.013	1.545
RAB6B	0.177	1.144	0.941	1.389
PLPPR4	0.014	1.278	1.052	1.554
SCUBE2	0.225	1.131	0.927	1.38
KIF26B	0.376	1.078	0.913	1.271
TPM1	0.562	1.05	0.89	1.241
PRKD1	0.06	1.238	0.991	1.547
CCDC146	0.555	0.923	0.709	1.203
ZXDA	0.561	0.912	0.668	1.245
HDGFL3	0.159	1.158	0.944	1.421
NOVA2	0.463	1.136	0.808	1.598
POGLUT2	0.334	1.133	0.879	1.46
TMEM125	0.092	0.852	0.708	1.026
CFH	0.147	1.131	0.958	1.336
TMEM245	0.255	1.16	0.898	1.498
DAPK3	0.833	0.965	0.691	1.346
PLXDC2	0.088	1.161	0.978	1.378
JAM2	0.575	1.051	0.884	1.248
VPS35L	0.169	1.186	0.93	1.511
USP11	0.885	1.022	0.758	1.38
COX7A2	0.78	0.947	0.647	1.386
HSPB7	0.322	1.047	0.956	1.147
CHST7	0.208	1.189	0.908	1.558
PRKN	0.853	1.028	0.77	1.373
AXL	0.005	1.296	1.083	1.552
FBXO32	0.178	1.106	0.955	1.28
SULF2	0.635	1.041	0.883	1.226
SALL2	0.214	1.111	0.941	1.313
MLH1	0.282	1.138	0.899	1.441
RERG	0.087	1.129	0.982	1.298
NEXN	0.541	1.039	0.918	1.176
SETBP1	0.174	1.13	0.947	1.348
SEMA5B	0.028	1.397	1.037	1.881
HOXA4	0.198	1.12	0.942	1.332
EBF3	0.216	1.173	0.911	1.509
SNAP25	0.927	1.007	0.872	1.162
GREB1	0.414	1.105	0.87	1.403
CACNB2	0.921	1.011	0.82	1.246
TGFBR1	0.41	1.111	0.865	1.427
CLEC14A	0.362	1.11	0.887	1.39
ADGRL4	0.161	1.179	0.937	1.483
PMEPA1	0.388	1.064	0.925	1.223
MMP2	0.348	1.071	0.928	1.236
ARRDC4	0.131	1.18	0.952	1.463
NLGN4X	0.628	1.046	0.873	1.253
PRKAR2B	0.981	1.002	0.859	1.169
MN1	0.358	1.068	0.929	1.228
SERPING1	0.297	1.091	0.926	1.284
CMTM8	0.937	0.99	0.778	1.261
FMO2	0.085	1.13	0.983	1.299
PGF	0.238	1.159	0.907	1.48
METTL7A	0.959	0.995	0.836	1.185
FBN1	0.097	1.14	0.977	1.33
CYP2U1	0.028	1.327	1.03	1.709
FAM124A	0.187	1.137	0.939	1.377
TNFAIP8L3	0.043	1.227	1.006	1.495
SFRP2	0.241	1.048	0.969	1.134
RASGRF2	0.114	1.256	0.947	1.665
ADAM19	0.781	0.972	0.793	1.19
FOXN3	0.444	1.107	0.853	1.436
OBSL1	0.129	1.115	0.969	1.284
CADM1	0.592	1.042	0.896	1.213
LRRC3	0.398	1.099	0.883	1.368
ZNF615	0.493	1.093	0.848	1.407
MINDY2	0.75	1.051	0.775	1.424
NPTXR	0.449	1.053	0.921	1.204
RFX2	0.972	1.005	0.778	1.296
SLC50A1	0.626	1.067	0.822	1.386
PJA2	0.052	1.294	0.997	1.68
UQCRH	0.696	0.928	0.639	1.349
RSPO2	0.999	1	0.782	1.279
RAPGEF4	0.396	1.121	0.861	1.458
PLPP7	0.474	1.085	0.868	1.356
CBX6	0.757	1.026	0.873	1.206
LAMA4	0.127	1.165	0.958	1.416
TDRP	0.135	1.161	0.955	1.412
SOX15	0.646	1.038	0.886	1.216
CDH5	0.416	1.096	0.879	1.367
APBB1	0.196	1.127	0.94	1.35
CREBRF	0.327	1.178	0.849	1.633
TIMP2	0.032	1.224	1.017	1.473
C1QTNF7	0.11	1.162	0.966	1.398
GRID1	0.262	1.129	0.913	1.395
FRMD6	0.038	1.225	1.011	1.485
LCA5	0.233	1.219	0.881	1.687
SH3BP5	0.676	1.053	0.827	1.341
GPR161	0.235	1.141	0.918	1.418
MYL9	0.166	1.076	0.97	1.194
PHLDB2	0.031	1.198	1.017	1.412
SLC35G2	0.602	1.076	0.817	1.417
RSPO1	0.123	1.202	0.952	1.517
GSTM2	0.429	1.116	0.85	1.466
TCF21	0.88	1.016	0.823	1.255
CLDN11	0.069	1.182	0.987	1.416
BHLHB9	0.846	1.034	0.742	1.44
EVC2	0.295	1.164	0.876	1.545
CA5B	0.853	1.029	0.76	1.394
UBE2Q2	0.432	1.106	0.861	1.42
SYNC	0.468	1.059	0.907	1.236
TUSC3	0.108	1.142	0.971	1.344
C14orf132	0.209	1.107	0.945	1.298
WNT2B	0.75	0.965	0.772	1.204
CYTL1	0.013	1.295	1.055	1.589
IGF1	0.209	1.132	0.933	1.372
LAMB2	0.934	1.009	0.82	1.241
SMAGP	0.419	0.915	0.738	1.135
SLC16A4	0.642	1.047	0.862	1.273
HDAC4	0.578	0.936	0.74	1.183
SNN	0.271	1.162	0.889	1.518
WBP1L	0.465	1.124	0.821	1.538
ASPA	0.165	1.245	0.914	1.698
BCHE	0.101	1.113	0.979	1.265
LDLRAD4	0.463	1.09	0.867	1.37
ORAI2	0.83	1.026	0.812	1.296
PRDM8	0.33	1.099	0.909	1.33
KCNMB1	0.486	1.044	0.925	1.179
EVC	0.211	1.118	0.939	1.331
EFNB3	0.068	1.217	0.986	1.502
AZIN2	0.732	1.072	0.719	1.598
CBX7	0.858	1.021	0.817	1.275
KCTD12	0.516	1.055	0.897	1.241
PELI3	0.853	1.026	0.781	1.348
EMP3	0.434	1.082	0.888	1.32
TSHZ3	0.24	1.128	0.923	1.378
MXD4	0.964	1.006	0.76	1.332
MRC2	0.501	1.062	0.892	1.265
SUSD5	0.131	1.199	0.947	1.518
VIP	0.407	1.047	0.939	1.168
L1CAM	0.752	1.018	0.91	1.14
C11orf96	0.131	1.133	0.963	1.332
TMEM88	0.04	1.244	1.01	1.532
RHOBTB3	0.063	1.169	0.991	1.378
FRZB	0.319	1.077	0.931	1.246
PRR5L	0.432	1.091	0.878	1.356
SLC25A4	0.475	0.921	0.735	1.154
ZNF471	0.602	1.073	0.823	1.4
NRSN2	0.405	1.077	0.905	1.281
SYPL2	0.186	1.153	0.934	1.422
PLXND1	0.885	1.015	0.83	1.242
EGR3	0.31	1.085	0.927	1.27
RNF144A	0.041	1.258	1.01	1.566
PHLDA3	0.452	0.938	0.794	1.108
ADAMTS9	0.33	1.117	0.894	1.395
ACTC1	0.416	1.071	0.907	1.265
HSBP1L1	0.347	1.141	0.867	1.503
PLAT	0.197	1.159	0.926	1.452
DCHS1	0.379	1.091	0.898	1.326
INKA2	0.601	0.917	0.661	1.271
HSPA2	1	1	0.838	1.193
PPP1R3F	0.397	1.146	0.836	1.571
NPR2	0.227	1.188	0.899	1.569
INSYN1	0.6	1.069	0.833	1.371
MXRA7	0.173	1.124	0.95	1.33
MATN2	0.672	0.97	0.845	1.115
PITPNM2	0.755	1.047	0.783	1.401
COL18A1	0.222	1.119	0.934	1.341
INAFM1	0.531	1.097	0.821	1.465
PTCH1	0.891	1.013	0.839	1.224
PDE3A	0.454	1.064	0.904	1.254
HSPB8	0.12	1.09	0.978	1.214
NNMT	0.131	1.13	0.964	1.325
PPP1R14A	0.182	1.091	0.96	1.239
ANKRD35	0.42	1.102	0.87	1.396
ZNF256	0.729	1.037	0.845	1.272
RUNX2	0.111	1.228	0.954	1.581
RAB32	0.708	1.043	0.838	1.296
NID1	0.202	1.131	0.936	1.368
COL14A1	0.221	1.081	0.955	1.223
CD302	0.122	1.174	0.958	1.438
KCNJ8	0.061	1.207	0.991	1.47
RAB30	0.4	0.889	0.677	1.169
C1orf216	0.895	0.979	0.717	1.338
ZNF461	0.627	1.082	0.787	1.488
COL6A3	0.472	1.057	0.909	1.23
SMIM10	0.1	1.167	0.971	1.403
DST	0.033	1.211	1.016	1.444
ANGPT2	0.119	1.178	0.959	1.447
ZNF287	0.305	1.171	0.866	1.585
ADORA1	0.501	1.11	0.819	1.504
COA6	0.311	1.195	0.847	1.686
GLI2	0.37	1.086	0.906	1.302
ST3GAL4	0.566	1.051	0.886	1.247
SLC10A6	0.334	1.146	0.87	1.509
B4GALNT1	0.689	1.057	0.805	1.388
JPH2	0.38	1.053	0.939	1.181
RHOBTB1	0.397	1.101	0.881	1.378
ARID5B	0.956	1.007	0.794	1.277
NEURL1B	0.823	0.978	0.804	1.19
FUT11	0.736	1.054	0.777	1.43
MRVI1	0.39	1.061	0.927	1.215
RBPMS	0.431	1.078	0.894	1.299
NFIB	0.84	1.02	0.844	1.231
ZNF383	0.301	0.824	0.57	1.19
ACACB	0.443	0.918	0.737	1.143
SHISA4	0.352	1.089	0.91	1.303
CTSG	0.618	1.05	0.867	1.27
DES	0.54	1.018	0.962	1.076
FAM117A	0.538	1.074	0.856	1.347
PRSS3	0.271	0.939	0.839	1.05
PNMA1	0.007	1.35	1.085	1.679
SLC4A3	0.437	1.065	0.909	1.247
ACTA2	0.11	1.101	0.979	1.238
SYNPO2	0.399	1.036	0.955	1.124
ANGPT1	0.161	1.182	0.936	1.494
ADH1B	0.184	1.072	0.968	1.187
SNAI2	0.108	1.164	0.967	1.401
LPL	0.125	1.135	0.965	1.336
SYT11	0.994	1.001	0.835	1.199
PRIMA1	0.09	1.107	0.984	1.245
ZNF154	0.882	0.98	0.755	1.273
MYH11	0.486	1.025	0.956	1.1
STAC	0.049	1.238	1.001	1.532
DOCK4	0.631	1.069	0.813	1.407
P4HA3	0.149	1.188	0.94	1.503
SDC2	0.084	1.196	0.976	1.465
GPR27	0.235	1.094	0.943	1.269
SELENOM	0.407	1.076	0.905	1.279
THSD1	0.632	1.078	0.792	1.468
ZC2HC1A	0.056	1.286	0.994	1.665
TCP11L1	0.394	1.132	0.851	1.506
CEP68	0.985	1.003	0.747	1.346
EVA1B	0.153	1.186	0.939	1.497
SCARF1	0.672	1.069	0.784	1.458
ING4	0.69	0.933	0.662	1.314
EPHA4	0.318	1.098	0.914	1.318
BICC1	0.274	1.105	0.924	1.322
CYGB	0.428	1.092	0.879	1.357
AQP1	0.381	1.062	0.928	1.216
SLC16A7	0.317	1.11	0.905	1.36
PRDM5	0.05	1.351	1.001	1.825
CLIC4	0.405	1.088	0.892	1.326
ABHD8	0.266	1.139	0.906	1.432
ZMAT1	0.952	0.993	0.778	1.266
DYSF	0.333	1.114	0.895	1.387
MAP3K3	0.384	1.139	0.85	1.525
FAM124B	0.311	1.15	0.877	1.507
KLHL42	0.511	0.916	0.706	1.189
PNMA8A	0.565	1.047	0.895	1.227
MMP14	0.359	1.094	0.903	1.324
CAB39L	0.496	0.931	0.757	1.144
RAB25	0.653	0.958	0.795	1.154
MAP6	0.061	1.202	0.992	1.456
CD81	0.995	1.001	0.739	1.355
ZNF585B	0.413	1.11	0.864	1.427
PINLYP	0.681	1.061	0.799	1.41
VAT1L	0.941	1.008	0.808	1.259
KIF3C	0.174	1.151	0.94	1.411
VSTM2L	0.107	1.094	0.981	1.22
CHST3	0.322	1.087	0.921	1.283
SMARCA1	0.032	1.214	1.017	1.45
SCUBE3	0.066	1.24	0.986	1.56
CFD	0.506	1.045	0.917	1.192
APCDD1L	0.118	1.218	0.951	1.56
EGR2	0.804	1.02	0.874	1.19
CDKN1C	0.432	1.058	0.919	1.217
FEZ1	0.201	1.166	0.922	1.474
ADAM12	0.154	1.116	0.96	1.297
NACAD	0.195	1.146	0.933	1.407
NAV1	0.636	1.062	0.828	1.363
NFKBIZ	0.621	1.051	0.862	1.283
ARID5A	0.442	1.121	0.838	1.501
FAM184A	0.069	1.3	0.98	1.725
GPC1	0.591	0.954	0.803	1.133
GPR20	0.703	1.045	0.833	1.312
DLG4	0.356	1.126	0.875	1.45
PALD1	0.79	1.024	0.862	1.216
TTBK2	0.432	1.142	0.821	1.588
CPNE2	0.793	1.039	0.781	1.383
CCDC184	0.22	1.241	0.879	1.752
FGF2	0.56	1.054	0.884	1.256
SORBS3	0.585	1.07	0.839	1.364
FADS3	0.893	0.983	0.759	1.272
UBE2QL1	0.059	1.3	0.99	1.706
IGFBP3	0.196	1.114	0.946	1.312
ADCY5	0.138	1.101	0.969	1.25
ZNF467	0.387	1.105	0.882	1.384
CLDN5	0.85	1.018	0.847	1.223
CXCL8	0.975	0.998	0.907	1.099
ZEB2	0.793	1.031	0.822	1.292
PRR13	0.89	1.023	0.743	1.407
HIST1H4B	0.592	0.899	0.608	1.328
PCDHGB6	0.451	1.126	0.828	1.531
PLPP3	0.454	1.099	0.858	1.408
MYMX	0.841	0.973	0.745	1.271
FBLN2	0.378	1.059	0.932	1.203
SCG2	0.414	1.056	0.927	1.202
ARHGEF4	0.057	1.175	0.995	1.387
ZBTB16	0.315	1.087	0.924	1.28
HSPB2	0.171	1.234	0.913	1.669
JAZF1	0.124	1.223	0.946	1.582
RASIP1	0.459	1.097	0.858	1.404
CCND2	0.563	0.963	0.846	1.095
CLIP3	0.211	1.099	0.948	1.274
RTL5	0.219	1.135	0.927	1.39
KCTD11	0.764	1.049	0.766	1.438
NHSL2	0.246	1.118	0.926	1.349
PDZD2	0.497	1.093	0.845	1.415
SOX5	0.405	1.139	0.838	1.549
FAM131A	0.086	1.324	0.961	1.824
LMO3	0.202	1.179	0.915	1.519
BEX2	0.22	1.073	0.959	1.202
NUAK1	0.155	1.182	0.939	1.489
ADRB2	0.67	1.055	0.825	1.35
MAMLD1	0.404	1.103	0.876	1.389
ATP1B2	0.119	1.155	0.964	1.384
PTGIS	0.289	1.062	0.951	1.185
ARHGEF26	0.202	1.099	0.95	1.272
ZBTB20	0.95	0.993	0.788	1.25
FAM171B	0.097	1.227	0.964	1.56
ELK3	0.047	1.338	1.004	1.783
ADAMTS10	0.226	1.15	0.917	1.442
SCARA5	0.793	0.98	0.845	1.137
SCARA3	0.28	1.082	0.938	1.249
RCAN2	0.297	1.093	0.925	1.292
CSDC2	0.447	1.084	0.881	1.333
CAVIN3	0.668	1.044	0.858	1.27
DBI	0.592	1.095	0.785	1.53
GSPT2	0.372	1.086	0.906	1.3
EDNRB	0.194	1.136	0.937	1.379
STMN2	0.184	1.107	0.953	1.286
ATP5IF1	0.829	0.959	0.657	1.401
LHFPL6	0.098	1.163	0.973	1.39
NIBAN1	0.359	1.064	0.931	1.216
ZNF577	0.868	1.021	0.801	1.301
FAM228B	0.295	1.198	0.854	1.68
KLHL29	0.285	1.143	0.895	1.459
PDE1A	0.201	1.154	0.927	1.436
S1PR1	0.406	1.085	0.895	1.315
DNM1	0.647	1.039	0.881	1.226
SSC5D	0.262	1.079	0.945	1.231
PNRC1	0.291	1.213	0.848	1.737
DUSP22	0.872	1.026	0.752	1.401
KCNH2	0.563	1.036	0.919	1.167
CHSY3	0.169	1.215	0.92	1.605
GIPC3	0.105	1.31	0.945	1.814
EGFL7	0.192	1.15	0.932	1.42
MPP7	0.844	1.016	0.866	1.193
TCEA2	0.132	1.176	0.952	1.454
EDA2R	0.645	1.064	0.818	1.383
WSCD2	0.129	1.13	0.965	1.322
NDUFB3	0.676	1.094	0.718	1.668
ATP5MF	0.358	1.147	0.856	1.537
CCDC50	0.448	1.116	0.84	1.484
DTNA	0.327	1.094	0.914	1.309
MAPRE2	0.899	0.982	0.746	1.293
TXNDC15	0.522	1.123	0.787	1.601
SPACA9	0.377	1.135	0.857	1.504
GPSM1	0.294	1.102	0.919	1.322
FLT4	0.128	1.229	0.942	1.602
AKT3	0.09	1.173	0.976	1.409
ARNT2	0.592	0.959	0.824	1.117
NYNRIN	0.455	1.07	0.896	1.277
OPN1SW	0.187	1.196	0.917	1.56
ZNF415	0.906	1.013	0.822	1.247
PTN	0.851	1.015	0.866	1.191
GABARAPL1	0.095	1.228	0.965	1.561
LYNX1	0.225	1.07	0.959	1.194
TMEM200A	0.042	1.183	1.006	1.391
TMTC1	0.024	1.204	1.025	1.415
ISL1	0.827	0.98	0.821	1.171
CHST10	0.171	1.179	0.931	1.494
C1QTNF6	0.526	1.072	0.865	1.33
PTHLH	0.22	1.148	0.921	1.43
ACTN1	0.385	1.092	0.896	1.33
SEMA4C	0.098	1.218	0.964	1.539
LGI4	0.123	1.191	0.954	1.488
THBS4	0.524	1.028	0.945	1.118
LXN	0.412	1.085	0.893	1.319
COX4I2	0.356	1.14	0.863	1.507
TCEAL4	0.089	1.24	0.968	1.588
PBXIP1	0.911	1.014	0.796	1.292
TRPS1	0.159	1.145	0.949	1.381
BTC	0.999	1	0.814	1.228
ZNF677	0.329	1.136	0.879	1.467
ZDBF2	0.187	1.165	0.929	1.463
SNTA1	0.215	1.125	0.934	1.355
FN1	0.117	1.099	0.977	1.238
CRISPLD2	0.143	1.144	0.956	1.369
MS4A2	0.363	1.114	0.882	1.408
ARL10	0.53	1.099	0.819	1.475
RHOJ	0.419	1.087	0.888	1.329
ZNF610	0.56	1.093	0.81	1.474
ASB16	0.415	0.86	0.6	1.235
WNT2	0.487	1.052	0.911	1.215
ZNF418	0.565	0.921	0.694	1.221
PCDHGC3	0.607	1.051	0.87	1.269
VAMP2	0.789	1.048	0.745	1.473
FZD8	0.851	1.017	0.852	1.215
OSBPL1A	0.004	1.395	1.114	1.746
TUBA1A	0.242	1.101	0.937	1.294
IGF2	0.746	1.014	0.932	1.102
CSRP1	0.538	1.052	0.895	1.238
PCDHGA9	0.192	1.247	0.895	1.737
TRIL	0.278	1.108	0.921	1.334
NME5	0.042	1.415	1.013	1.977
FES	0.342	1.121	0.886	1.419
ITGBL1	0.182	1.101	0.956	1.268
SLC24A3	0.342	1.084	0.918	1.279
BCAM	0.172	1.104	0.958	1.273
LZTS1	0.118	1.169	0.961	1.422
HIC1	0.494	1.073	0.877	1.314
CACNB3	0.029	1.403	1.034	1.904
CRACR2B	0.134	0.869	0.723	1.044
LRRC2	0.169	0.827	0.63	1.084
NTN1	0.371	1.066	0.927	1.227
DGKG	0.282	1.121	0.91	1.382
CDK20	0.697	1.052	0.816	1.356
ARHGAP29	0.035	1.342	1.021	1.765
YPEL5	0.224	1.278	0.861	1.896
FOXC2	0.069	1.177	0.987	1.402
CD276	0.609	1.061	0.845	1.334
CCDC8	0.255	1.088	0.941	1.258
RHOQ	0.281	1.178	0.874	1.588
ARHGEF15	0.273	1.146	0.898	1.462
ABLIM3	0.115	1.153	0.966	1.376
ZFP2	0.814	1.047	0.714	1.537
PPP1R3C	0.145	1.109	0.965	1.275
SLC27A1	0.926	0.987	0.753	1.293
GPX8	0.151	1.151	0.95	1.396
TRAM1L1	0.592	1.082	0.811	1.442
MAP2	0.027	1.242	1.025	1.505
SRPX2	0.108	1.168	0.966	1.411
STK32B	0.154	1.22	0.928	1.604
NPY	0.553	1.046	0.901	1.215
NTN4	0.156	1.151	0.947	1.399
NME1	0.468	1.102	0.848	1.431
FIGN	0.248	1.171	0.896	1.532
CAPN6	0.192	1.067	0.968	1.175
ST5	0.913	0.985	0.744	1.302
NAALADL1	0.696	1.043	0.844	1.289
SLC16A2	0.483	1.052	0.913	1.213
SYDE2	0.494	1.082	0.863	1.358
RASL11B	0.165	1.136	0.949	1.36
F13A1	0.06	1.122	0.995	1.265
TMEM59L	0.104	1.175	0.967	1.427
CCDC71L	0.719	1.05	0.804	1.372
SCARF2	0.502	1.056	0.9	1.239
KIT	0.21	1.112	0.942	1.314
GPX7	0.193	1.132	0.939	1.365
CORO2B	0.11	1.188	0.962	1.469
SEMA3E	0.098	1.139	0.977	1.328
COL15A1	0.371	1.08	0.912	1.278
EPM2A	0.414	1.113	0.861	1.437
RECK	0.096	1.212	0.966	1.519
AVPR1A	0.329	1.122	0.891	1.413
SHE	0.299	1.152	0.882	1.506
DTX3	0.3	1.101	0.918	1.32
PCDHB4	0.095	1.211	0.967	1.517
ZNF846	0.79	1.05	0.733	1.505
MANF	0.76	1.05	0.769	1.432
SCG5	0.394	1.088	0.896	1.321
MYEF2	0.653	1.043	0.869	1.25
CAMK1	0.79	1.04	0.781	1.385
PTGER2	0.305	1.088	0.926	1.28
SEMA6D	0.155	1.164	0.944	1.434
HECW2	0.223	1.193	0.898	1.585
KCNQ4	0.546	1.061	0.875	1.286
VWF	0.067	1.19	0.988	1.433
VSTM4	0.391	1.086	0.899	1.313
PALM	0.324	1.076	0.93	1.246
EBP	0.679	0.952	0.753	1.202
CHST12	0.333	1.219	0.816	1.821
MACF1	0.756	1.037	0.824	1.305
ARMCX1	0.04	1.216	1.009	1.466
BDKRB1	0.532	1.085	0.84	1.403
PRKACA	0.716	0.929	0.624	1.383
FOXF2	0.964	1.004	0.859	1.172
SFRP4	0.481	1.031	0.947	1.123
FAM167B	0.853	1.026	0.785	1.339
ZNF347	0.626	0.945	0.752	1.187
LRRC15	0.788	1.018	0.895	1.158
SYNDIG1	0.488	1.069	0.886	1.29
CNIH3	0.631	0.914	0.632	1.321
ATP5MPL	0.091	1.367	0.951	1.965
TUBB6	0.127	1.151	0.961	1.378
MEOX2	0.235	1.099	0.941	1.283
FRMD4A	0.846	1.03	0.766	1.385
EIF4EBP1	0.772	1.034	0.825	1.296
TEAD2	0.791	1.026	0.848	1.241
ZFHX4	0.164	1.143	0.947	1.379
LIMS2	0.42	1.062	0.917	1.231
SAMD4A	0.333	1.106	0.902	1.356
CRYAB	0.126	1.099	0.974	1.24
STEAP4	0.059	1.158	0.995	1.348
DCLK2	0.245	1.122	0.924	1.363
SLITRK6	0.325	1.094	0.915	1.309
SOBP	0.78	1.026	0.856	1.23
RAB12	0.742	1.051	0.782	1.413
NGF	0.001	1.449	1.155	1.819
VIPR2	0.33	1.122	0.89	1.415
HMCN1	0.259	1.114	0.924	1.343
GASK1B	0.153	1.149	0.95	1.39
LOXL2	0.347	1.104	0.899	1.356
BVES	0.797	1.021	0.873	1.194
ATOH8	0.912	0.987	0.781	1.247
DAAM1	0.151	1.28	0.914	1.792
C16orf86	0.742	1.069	0.718	1.593
CLGN	0.052	1.218	0.998	1.486
JHY	0.019	1.354	1.05	1.745
HOXB4	0.764	0.969	0.79	1.189
HSPB6	0.31	1.039	0.965	1.118
ADGRL3	0.447	1.105	0.854	1.43
NOS3	0.018	1.34	1.052	1.707
ABL1	0.983	1.003	0.758	1.327
SRR	0.338	0.821	0.548	1.229
HECTD2	0.263	1.179	0.884	1.572
SEMA6C	0.184	1.159	0.932	1.443
ZSWIM4	0.635	0.937	0.718	1.224
DCP1B	0.881	1.025	0.744	1.411
L3MBTL3	0.07	1.326	0.977	1.799
CHCHD2	0.404	1.182	0.798	1.75
VIM	0.14	1.177	0.948	1.463
CD93	0.298	1.114	0.909	1.367
C11orf68	0.362	1.157	0.845	1.585
DPY30	0.628	1.111	0.725	1.702
SNX18	0.368	1.135	0.861	1.497
NEDD9	0.554	1.07	0.855	1.339
NCKAP5L	0.208	1.186	0.909	1.547
INMT	0.312	1.085	0.926	1.271
NUMBL	0.181	1.189	0.923	1.532
IL3RA	0.577	0.927	0.711	1.21
HTRA1	0.055	1.2	0.996	1.444
PER1	0.03	1.214	1.019	1.445
HHIPL1	0.96	0.993	0.758	1.301
YBX3	0.118	1.288	0.938	1.769
SPOCD1	0.48	1.119	0.819	1.528
DIRAS3	0.349	1.093	0.908	1.315
MID2	0.019	1.254	1.037	1.515
ADAMTSL3	0.104	1.173	0.968	1.421
SHF	0.831	1.023	0.831	1.259
TLN1	0.665	1.052	0.836	1.324
CPXM1	0.612	1.038	0.899	1.199
CAVIN2	0.339	1.067	0.934	1.218
CYYR1	0.331	1.122	0.89	1.415
DCBLD2	0.032	1.217	1.017	1.457
B3GNT9	0.51	1.09	0.843	1.409
TSPAN11	0.731	0.969	0.807	1.162
LAD1	0.96	1.004	0.85	1.186
FMNL3	0.852	1.024	0.8	1.31
SLCO3A1	0.747	1.032	0.853	1.248
TNFAIP6	0.772	1.024	0.871	1.204
COL4A5	0.035	1.176	1.012	1.366
MOCS1	0.067	1.234	0.986	1.546
FXYD1	0.264	1.15	0.9	1.471
ANOS1	0.114	1.175	0.962	1.434
ZFPM2	0.106	1.197	0.963	1.49
AFAP1	0.243	1.164	0.902	1.503
KLF2	0.306	1.095	0.92	1.304
RAB2B	0.957	0.988	0.645	1.514
PCDHB7	0.532	1.088	0.835	1.416
JCAD	0.025	1.221	1.025	1.455
FLNC	0.252	1.05	0.966	1.142
OLFML1	0.309	1.115	0.904	1.375
CERK	0.958	0.993	0.775	1.273
ADAM23	0.232	1.132	0.924	1.388
LOXL4	0.055	1.15	0.997	1.327
PCDH7	0.01	1.198	1.045	1.374
PNKD	0.777	1.036	0.813	1.32
TACR2	0.238	1.057	0.964	1.159
ITGA7	0.938	1.006	0.865	1.169
COL6A1	0.39	1.08	0.906	1.287
KCNS3	0.15	1.139	0.954	1.361
BACE1	0.301	1.145	0.886	1.48
CPT1C	0.189	1.149	0.934	1.415
TGFB1	0.054	1.252	0.996	1.574
ARSI	0.398	1.085	0.898	1.312
TMEM141	0.456	1.093	0.866	1.379
CRIP2	0.402	1.101	0.879	1.38
RGS16	0.362	1.087	0.908	1.301
PI16	0.78	1.017	0.905	1.142
GPLD1	0.975	0.994	0.672	1.471
SNAI1	0.114	1.176	0.962	1.437
LOXL1	0.416	1.083	0.894	1.313
COL11A1	0.258	1.067	0.954	1.193
NR2F2	0.561	1.065	0.861	1.319
COL4A4	0.825	0.98	0.821	1.17
FSTL1	0.262	1.108	0.926	1.327
ZNF134	0.473	1.072	0.886	1.298
OSMR	0.285	1.107	0.919	1.332
PCDHB12	0.185	1.217	0.91	1.626
TYRP1	0.975	1.003	0.854	1.177
DKK3	0.595	1.053	0.87	1.275
ARRB1	0.701	0.951	0.735	1.23
NXN	0.131	1.151	0.959	1.38
NOTCH3	0.125	1.162	0.959	1.407
COL5A2	0.14	1.131	0.96	1.331
EPM2AIP1	0.289	1.13	0.902	1.416
SCN1B	0.551	1.076	0.845	1.372
COL3A1	0.261	1.08	0.944	1.236
BDKRB2	0.841	1.023	0.817	1.281
MITF	0.339	1.116	0.891	1.4
C1orf53	0.52	1.086	0.845	1.395
AASS	0.14	1.203	0.941	1.537
ELF3	0.636	0.958	0.803	1.143
ADAMTS12	0.308	1.09	0.924	1.286
RORA	0.745	1.048	0.792	1.385
PCDHB3	0.575	1.076	0.833	1.388
SPOCK1	0.293	1.064	0.948	1.193
ALPK3	0.37	1.073	0.92	1.251
PIFO	0.18	1.138	0.942	1.376
SMOC2	0.214	1.075	0.959	1.204
SMIM3	0.283	1.111	0.916	1.348
VEGFB	0.034	1.322	1.022	1.71
PKIA	0.061	1.193	0.992	1.436
CCDC88A	0.18	1.18	0.927	1.502
RAB3C	0.302	1.124	0.9	1.402
SLC25A23	0.832	0.976	0.78	1.221
PAPSS2	0.391	1.087	0.899	1.314
PPP2R3A	0.085	1.192	0.976	1.456
C4orf3	0.169	1.273	0.902	1.797
SH3PXD2B	0.44	1.085	0.882	1.334
PRELP	0.232	1.061	0.963	1.169
CD34	0.235	1.153	0.912	1.456
NMNAT2	0.148	1.133	0.957	1.342
PRUNE2	0.719	1.019	0.92	1.129
C6orf136	0.996	0.999	0.719	1.389
P3H2	0.009	1.219	1.05	1.415
C1GALT1C1L	0.222	1.131	0.928	1.377
RRAD	0.041	1.151	1.006	1.316
DIPK2B	0.112	1.219	0.955	1.556
DUSP26	0.081	1.231	0.975	1.555
TRO	0.22	1.173	0.909	1.512
SEMA6A	0.107	1.129	0.974	1.31
DNAJC18	0.352	1.155	0.852	1.565
SPARC	0.06	1.18	0.993	1.401
PPP1R18	0.973	1.004	0.788	1.28
PPP1R12C	0.882	1.02	0.789	1.317
PODNL1	0.343	1.094	0.908	1.319
PHYHIP	0.005	1.502	1.133	1.99
MAP1B	0.182	1.109	0.953	1.291
CSGALNACT2	0.547	1.088	0.827	1.432
SERP2	0.419	1.094	0.879	1.362
IGFBP7	0.113	1.17	0.963	1.421
DENND2A	0.795	1.035	0.798	1.344
CAVIN1	0.199	1.111	0.946	1.304
AMIGO1	0.633	1.053	0.853	1.3
ETV1	0.376	1.103	0.888	1.371
MAGEH1	0.095	1.195	0.969	1.472
REM1	0.604	1.065	0.84	1.349
CES1	0.935	1.004	0.905	1.115
GRIK5	0.509	1.059	0.894	1.254
LY6H	0.558	1.086	0.823	1.433
PDE8B	0.089	1.275	0.964	1.687
FGF7	0.384	1.065	0.924	1.227
ZC3H6	0.467	1.13	0.813	1.57
KCNK3	0.37	1.076	0.916	1.265
DUSP1	0.004	1.283	1.084	1.518
ZNF626	0.593	1.071	0.833	1.377
SLCO2A1	0.067	1.18	0.988	1.41
NIPSNAP3B	0.363	1.14	0.859	1.513
ALPL	0.473	0.942	0.8	1.109
TSPAN13	0.344	0.908	0.745	1.108
FAM78B	0.326	1.161	0.862	1.565
C1orf198	0.106	1.261	0.952	1.67
PARM1	0.593	0.962	0.834	1.11
PDGFRA	0.207	1.114	0.942	1.317
ABCA6	0.051	1.351	0.998	1.827
CCN1	0.054	1.155	0.997	1.337
COL4A1	0.091	1.19	0.973	1.457
ACVRL1	0.579	0.933	0.729	1.193
BMX	0.796	1.036	0.793	1.353
CCDC152	0.251	1.144	0.909	1.44
PPP1R1A	0.132	1.115	0.968	1.283
ABCB1	0.22	0.877	0.712	1.082
ILK	0.456	1.092	0.867	1.375
MTSS1	0.864	1.016	0.848	1.217
KANK2	0.327	1.091	0.916	1.3
CALHM5	0.396	1.104	0.878	1.39
ANXA6	0.773	1.028	0.854	1.236
CHRNA3	0.149	1.101	0.966	1.254
RCAN1	0.125	1.228	0.945	1.595
MYO9A	0.951	1.01	0.736	1.385
EMILIN1	0.637	1.038	0.888	1.213
CD36	0.031	1.197	1.016	1.409
MSRB3	0.152	1.097	0.966	1.245
CRMP1	0.25	1.13	0.918	1.39
PLXNB3	0.581	1.041	0.902	1.201
TMEM121	0.787	1.03	0.833	1.273
GNB5	0.09	1.334	0.956	1.862
TTYH2	0.112	1.192	0.96	1.48
STX2	0.231	1.177	0.902	1.537
SPSB1	0.114	1.228	0.952	1.585
CACNA2D2	0.495	0.921	0.727	1.167
TMEM35A	0.464	1.063	0.902	1.253
SNPH	0.59	1.054	0.871	1.274
MRAS	0.395	1.091	0.893	1.332
GLRB	0.249	1.145	0.91	1.441
TBKBP1	0.62	1.058	0.847	1.32
RCBTB2	0.291	1.175	0.871	1.585
ADRA1D	0.166	1.13	0.95	1.345
RND2	0.18	1.16	0.934	1.44
KIF7	0.81	1.028	0.819	1.291
A4GALT	0.438	1.075	0.895	1.292
NDUFA1	0.883	0.973	0.672	1.407
SVIL	0.153	1.11	0.962	1.28
SMARCD3	0.106	1.206	0.961	1.514
KDR	0.41	1.102	0.875	1.388
PLPP4	0.363	1.076	0.919	1.26
CKMT2	0.41	0.901	0.703	1.154
TDGF1	0.227	0.881	0.718	1.082
OLFML2A	0.122	1.181	0.957	1.458
ELFN1	0.045	1.294	1.005	1.665
RIMS3	0.104	0.816	0.639	1.043
RBMS1	0.036	1.298	1.017	1.657
FBXO17	0.103	1.144	0.973	1.344
RDX	0.614	1.055	0.857	1.3
FAM180A	0.159	1.149	0.947	1.393
CYB5R3	0.309	1.184	0.855	1.641
THSD7A	0.042	1.344	1.01	1.788
RARRES2	0.884	1.014	0.839	1.226
FAM126A	0.246	1.163	0.901	1.501
RAMP1	0.018	1.164	1.027	1.319
PSD	0.589	1.038	0.905	1.191
KCND3	0.721	1.031	0.872	1.218
NR3C1	0.047	1.266	1.003	1.598
CCN3	0.226	1.096	0.945	1.272
FILIP1	0.295	1.085	0.931	1.264
PYGL	0.15	1.12	0.96	1.308
RGCC	0.888	1.018	0.798	1.299
FUZ	0.089	1.162	0.977	1.381
C11orf95	0.315	1.122	0.896	1.403
SMAD7	0.345	1.123	0.883	1.427
RTL8B	0.025	1.241	1.028	1.497
TENM4	0.234	1.156	0.91	1.467
PDGFRB	0.166	1.133	0.949	1.353
ZIK1	0.908	1.016	0.781	1.32
PLAC9	0.938	0.993	0.823	1.197
COL23A1	0.39	1.116	0.869	1.433
GABBR1	0.508	1.072	0.872	1.319
PEG10	0.031	1.103	1.009	1.206
MCC	0.093	1.21	0.969	1.511
MXRA5	0.852	0.986	0.848	1.146
PLEKHG2	0.895	1.017	0.796	1.299
BEX4	0.106	1.136	0.973	1.325
CCL20	0.997	1	0.915	1.093
CTTNBP2	0.969	0.996	0.813	1.22
TMEM200B	0.077	1.196	0.981	1.458
ZEB1	0.195	1.121	0.943	1.334
SOCS3	0.038	1.254	1.013	1.553
EGFLAM	0.059	1.285	0.99	1.666
ZNF793	0.907	0.984	0.752	1.288
ZSCAN26	0.382	1.15	0.841	1.572
WWC2	0.568	1.075	0.838	1.378
CNN1	0.305	1.039	0.966	1.119
SLC9A3R2	0.068	1.314	0.98	1.762
RSPO3	0.334	1.065	0.937	1.21
C3orf18	0.423	1.11	0.86	1.434
SYNE1	0.499	1.074	0.874	1.319
PTGS1	0.533	1.062	0.88	1.282
SFXN3	0.355	1.134	0.869	1.481
PDGFD	0.049	1.204	1.001	1.449
REXO2	0.22	1.221	0.887	1.681
CLSTN3	0.396	1.1	0.883	1.37
LUM	0.282	1.085	0.935	1.259
SLC7A2	0.014	1.148	1.028	1.281
CHRD	0.091	1.174	0.975	1.414
GRASP	0.412	1.107	0.869	1.411
APH1B	0.073	1.291	0.977	1.706
TRIM15	0.43	0.944	0.818	1.089
ADAMTS1	0.082	1.16	0.981	1.372
CGNL1	0.549	1.054	0.887	1.253
CALCRL	0.538	1.069	0.865	1.32
NFIC	0.278	0.871	0.678	1.118
PRSS23	0.064	1.184	0.99	1.415
ZFP92	0.278	1.167	0.883	1.541
F2R	0.051	1.233	0.999	1.521
MSN	0.879	1.018	0.81	1.279
TST	0.92	1.01	0.825	1.237
CNR1	0.571	1.048	0.891	1.234
GREM2	0.841	0.987	0.869	1.121
ADAMTS14	0.994	1.001	0.838	1.195
COL5A3	0.869	1.016	0.841	1.228
FBXO30	0.856	1.027	0.771	1.368
GLDN	0.189	1.193	0.917	1.552
RNF122	0.225	1.173	0.906	1.519
FAM92A	0.867	1.025	0.77	1.363
ADGRA2	0.309	1.098	0.917	1.316
CHST1	0.171	1.162	0.937	1.439
PTGER3	0.201	1.138	0.933	1.387
ITPRIP	0.038	1.285	1.014	1.627
EMCN	0.371	1.107	0.886	1.382
BGN	0.116	1.128	0.971	1.31
LBH	0.033	1.266	1.019	1.574
ABCA9	0.019	1.333	1.049	1.694
TSHZ2	0.566	1.056	0.876	1.274
HDAC5	0.148	1.212	0.934	1.573
GAS1	0.2	1.081	0.96	1.217
CRTC3	0.653	1.072	0.791	1.454
ASMTL	0.948	1.009	0.772	1.319
ZFP36L1	0.234	1.196	0.89	1.607
PDZRN4	0.154	1.112	0.961	1.288
LEPROT	0.103	1.37	0.938	1.999
IGDCC4	0.911	0.987	0.779	1.25
PTGER1	0.896	0.99	0.847	1.157
GALE	0.784	0.97	0.782	1.204
EPCAM	0.646	0.963	0.82	1.131
PRRT3	0.736	1.063	0.745	1.516
UST	0.734	1.028	0.875	1.208
MPP2	0.911	1.012	0.814	1.259
HDC	0.69	1.059	0.798	1.407
HSD17B6	0.812	1.031	0.803	1.323
PTPRD	0.006	1.389	1.099	1.756
PECAM1	0.317	1.111	0.904	1.366
ISLR	0.387	1.056	0.934	1.194
MYLK	0.295	1.058	0.952	1.174
CRLF2	0.189	1.255	0.895	1.76
KANK3	0.624	1.066	0.825	1.378
BTBD19	0.174	1.182	0.929	1.503
PLCL1	0.018	1.404	1.06	1.858
ARHGEF9	0.891	0.98	0.728	1.318
CCDC102A	0.731	1.046	0.811	1.349
SRPK3	0.69	1.047	0.835	1.313
PLA2G5	0.036	1.271	1.016	1.589
MFAP5	0.319	1.067	0.939	1.213
DNAJB4	0.272	1.141	0.902	1.445
ZNF671	0.639	0.934	0.704	1.24
PAMR1	0.011	1.363	1.074	1.73
FAP	0.226	1.11	0.937	1.315
TMEM208	0.294	1.206	0.85	1.711
C4A	0.15	1.123	0.959	1.314
SCX	0.364	0.917	0.761	1.105
KCND1	0.264	1.184	0.88	1.592
CILP2	0.037	1.167	1.009	1.349
SPRED3	0.033	1.373	1.025	1.838
GUCY1A2	0.086	1.305	0.963	1.769
CEP112	0.338	1.16	0.856	1.571
TEAD3	0.193	1.188	0.916	1.54
MYH10	0.456	1.067	0.9	1.264
PLVAP	0.147	1.192	0.94	1.512
ABCA8	0.049	1.179	1.001	1.388
HGF	0.187	1.16	0.93	1.446
H2AFY2	0.38	1.063	0.927	1.219
PGM5	0.552	1.033	0.928	1.15
PCDHB13	0.494	1.074	0.876	1.316
GEM	0.046	1.189	1.003	1.41
ROBO4	0.251	1.16	0.9	1.496
ARSB	0.318	1.13	0.889	1.437
ACTG2	0.487	1.025	0.956	1.099
HCFC1R1	0.166	1.221	0.921	1.619
CH25H	0.606	1.045	0.885	1.234
GSTM5	0.499	1.092	0.846	1.411
LRRC4B	0.347	1.108	0.894	1.374
COMP	0.308	1.047	0.958	1.145
PNCK	0.139	1.108	0.967	1.269
TCEAL3	0.566	1.064	0.861	1.314
DMD	0.085	1.142	0.982	1.328
PDE1B	0.011	1.375	1.077	1.755
NPR1	0.043	1.243	1.007	1.534
TMEM47	0.353	1.081	0.917	1.273
RBPMS2	0.164	1.081	0.969	1.207
BARX1	0.874	1.009	0.908	1.12
BHLHE41	0.221	1.1	0.945	1.28
LDLRAD3	0.094	1.195	0.97	1.473
HPGDS	0.322	1.123	0.893	1.414
FSTL3	0.24	1.091	0.944	1.261
SLC25A12	0.547	0.921	0.704	1.204
EBF4	0.204	1.114	0.943	1.317
KCNG1	0.378	1.097	0.893	1.348
TMEM25	0.489	1.067	0.888	1.281
GXYLT2	0.108	1.138	0.972	1.331
BMP1	0.17	1.195	0.927	1.541
TMEM119	0.363	1.075	0.92	1.255
PREX2	0.249	1.157	0.903	1.484
GAP43	0.271	1.122	0.914	1.379
FBLN1	0.233	1.07	0.958	1.195
COL12A1	0.423	1.062	0.917	1.228
JPT1	0.27	1.142	0.902	1.445
DUSP3	0.171	1.212	0.92	1.596
GNAL	0.585	1.065	0.849	1.337
TSC22D3	0.151	1.135	0.955	1.35
SLC12A4	0.383	1.126	0.862	1.472
TCF4	0.446	1.095	0.867	1.383
STAT5B	0.391	1.142	0.843	1.546
PCDH17	0.57	1.073	0.842	1.366
ZNF518B	0.483	0.923	0.739	1.154
DLC1	0.078	1.201	0.98	1.474
CBR3	0.725	1.041	0.83	1.306
AFAP1L1	0.061	1.286	0.988	1.673
MAF	0.483	1.078	0.873	1.331
CILP	0.23	1.073	0.956	1.205
ZSCAN31	0.339	1.135	0.876	1.471
THAP8	0.395	1.129	0.853	1.495
OLFML3	0.307	1.081	0.93	1.257
LURAP1	0.227	1.208	0.889	1.639
VGLL3	0.031	1.222	1.019	1.466
SERPINE1	0.001	1.234	1.091	1.397
AKAP12	0.044	1.138	1.003	1.29
GSN	0.23	1.136	0.923	1.398
CPXM2	0.488	1.043	0.927	1.173
TMX4	0.442	0.907	0.707	1.163
PIANP	0.104	1.222	0.96	1.556
RAB9B	0.34	1.102	0.903	1.344
TRPC4	0.224	1.151	0.917	1.445
AOX1	0.789	1.024	0.86	1.22
TTC7B	0.139	1.263	0.927	1.721
PLA2R1	0.004	1.417	1.117	1.797
AVPR2	0.323	1.133	0.885	1.451
CASQ2	0.109	1.099	0.979	1.232
MARCH2	0.797	1.04	0.771	1.404
ZNF43	0.463	0.925	0.752	1.139
EBF1	0.375	1.097	0.894	1.345
CCDC106	0.517	1.065	0.881	1.288
MAST4	0.812	0.967	0.735	1.272
ADAMTSL2	0.56	0.948	0.792	1.135
DAB2	0.099	1.191	0.968	1.466
PRRX1	0.484	1.057	0.905	1.233
PDGFB	0.255	1.143	0.908	1.44
TECR	0.546	0.908	0.664	1.242
C1R	0.636	1.043	0.877	1.239
ACAN	0.736	0.965	0.786	1.186
PCSK7	0.306	0.846	0.614	1.165
FHL1	0.313	1.055	0.951	1.171
CHRDL1	0.065	1.107	0.994	1.232
FAT4	0.456	1.075	0.889	1.3
GPM6B	0.371	1.103	0.89	1.366
CST2	0.117	1.099	0.976	1.238
FNDC4	0.177	1.156	0.937	1.427
CDIP1	0.09	1.211	0.97	1.511
ACBD4	0.277	1.235	0.844	1.807
ADAMTS15	0.073	1.177	0.985	1.407
ECM2	0.093	1.202	0.97	1.489
RHOV	0.78	1.017	0.902	1.147
AGPAT4	0.479	1.103	0.841	1.448
ZNF570	0.46	1.112	0.839	1.473
SIX2	0.78	1.015	0.915	1.125
HABP4	0.572	0.926	0.71	1.208
PDE4D	0.997	1	0.797	1.253
RNF180	0.131	1.209	0.945	1.546
FBXL2	0.03	1.387	1.032	1.864
PRCP	0.639	1.074	0.797	1.448
CSRNP1	0.038	1.29	1.014	1.641
PDE9A	0.18	1.131	0.945	1.355
MAPK11	0.782	0.964	0.742	1.252
TWSG1	0.333	1.131	0.881	1.451
LEPR	0.291	1.126	0.903	1.405
CPQ	0.341	1.11	0.895	1.377
DLL1	0.553	0.934	0.746	1.17
THBS1	0.062	1.145	0.993	1.32
GPIHBP1	0.098	1.209	0.966	1.514
LRRC10B	0.843	1.019	0.849	1.223
UTRN	0.638	1.051	0.853	1.297
TLR5	0.161	1.209	0.927	1.578
CEP126	0.271	1.159	0.891	1.509
SUGCT	0.014	1.399	1.07	1.83
KCNMA1	0.217	1.075	0.959	1.205
CBLN3	0.48	1.129	0.806	1.583
C7	0.219	1.054	0.969	1.147
EBF2	0.025	1.306	1.035	1.649
ERFE	0.702	0.958	0.77	1.193
TIMP3	0.359	1.071	0.925	1.242
SSBP2	0.182	1.163	0.932	1.451
LDB3	0.583	1.037	0.91	1.182
AMPH	0.498	1.097	0.839	1.434
SLIRP	0.321	1.182	0.849	1.646
NR4A3	0.252	1.102	0.933	1.3
LAMA2	0.167	1.127	0.951	1.335
TNC	0.652	1.027	0.915	1.153
NATD1	0.929	0.989	0.773	1.266
PTGFR	0.322	1.113	0.9	1.377
THY1	0.369	1.084	0.909	1.292
GPRASP1	0.116	1.158	0.964	1.392
CDKL2	0.802	1.039	0.768	1.407
FAM13C	0.491	1.093	0.849	1.406
CYP1B1	0.068	1.116	0.992	1.257
COX6A1	0.602	1.099	0.771	1.565
SMO	0.164	1.124	0.954	1.324
SLC8A1	0.445	1.094	0.869	1.376
NPTX2	0.376	1.073	0.918	1.254
PHETA2	0.954	1.008	0.763	1.332
PHYHD1	0.1	1.155	0.973	1.372
PLBD2	0.039	1.423	1.018	1.988
COLEC12	0.074	1.177	0.984	1.408
PARD3B	0.782	1.039	0.795	1.357
TUB	0.19	1.141	0.937	1.388
PIP5K1C	0.863	0.975	0.731	1.301
SELE	0.878	1.013	0.863	1.188
FAM107A	0.663	1.042	0.866	1.254
JUN	0.102	1.208	0.963	1.517
FGD1	0.511	1.076	0.865	1.339
IL33	0.623	1.032	0.911	1.169
MAOB	0.107	1.095	0.981	1.223
ZNF829	0.488	1.125	0.807	1.568
MKX	0.662	1.04	0.872	1.24
BAG2	0.146	1.122	0.961	1.311
GAS6	0.941	0.993	0.815	1.208
DBN1	0.426	1.085	0.888	1.326
TSPYL5	0.792	0.982	0.855	1.127
PARD6G	0.544	1.08	0.842	1.386
ALDH1A3	0.101	1.154	0.972	1.37
EVA1C	0.429	1.105	0.863	1.414
ZCCHC24	0.237	1.097	0.941	1.28
ENPEP	0.038	1.272	1.014	1.596
ZBTB47	0.781	1.031	0.833	1.276
RUNX1T1	0.289	1.124	0.905	1.395
GLI1	0.192	1.136	0.938	1.375
IL1R1	0.439	1.083	0.884	1.327
LZTS2	0.965	0.994	0.758	1.303
RAPGEF3	0.61	0.917	0.656	1.281
CPE	0.04	1.158	1.007	1.333
TTLL7	0.764	1.028	0.858	1.232
TCEAL2	0.164	1.082	0.968	1.209
KLF7	0.057	1.243	0.994	1.556
CREB3L2	0.145	1.199	0.939	1.532
PRRT1	0.186	1.192	0.919	1.548
ARL15	0.465	0.885	0.637	1.229
ESAM	0.235	1.173	0.902	1.525
YPEL3	0.211	1.223	0.892	1.677
TBX2	0.664	1.052	0.838	1.319
SASH1	0.467	1.102	0.849	1.43
ETNK2	0.225	1.104	0.941	1.296
CCDC9B	0.148	1.127	0.959	1.325
OSR1	0.327	1.121	0.893	1.407
FHL5	0.133	1.184	0.95	1.477
SPON2	0.417	1.079	0.898	1.296
INPP5A	0.379	1.129	0.862	1.479
TBC1D1	0.748	0.959	0.742	1.239
ARL4C	0.557	1.056	0.881	1.264
PDE10A	0.948	0.993	0.792	1.244
LDB2	0.078	1.25	0.975	1.601
SHISA2	0.566	1.047	0.895	1.225
ISM1	0.052	1.145	0.999	1.313
NCALD	0.516	1.084	0.849	1.385
MB21D2	0.618	1.062	0.839	1.343
LGALS1	0.304	1.102	0.916	1.325
CRISPLD1	0.768	1.025	0.871	1.206
KLF12	0.927	0.991	0.817	1.202
NUDT11	0.095	1.224	0.965	1.552
C1RL	0.494	1.106	0.828	1.478
CNTLN	0.812	1.039	0.758	1.424
FAM110D	0.901	1.015	0.806	1.278
GREM1	0.31	1.055	0.951	1.171
WWTR1	0.107	1.164	0.968	1.4
HHIP	0.132	1.16	0.956	1.408
PTP4A3	0.865	1.017	0.839	1.233
STARD13	0.703	1.046	0.829	1.321
MMP19	0.824	1.023	0.839	1.247
MYOCD	0.374	1.06	0.932	1.205
SLIT2	0.065	1.164	0.99	1.368
MEOX1	0.958	0.995	0.812	1.219
ID4	0.435	1.068	0.906	1.258
WNT9A	0.222	1.103	0.942	1.29
CCDC3	0.475	1.085	0.868	1.355
TSPAN18	0.3	1.085	0.93	1.265
NAV2	0.288	1.106	0.918	1.332
RAI2	0.714	1.031	0.878	1.21
TRPC6	0.538	1.104	0.806	1.512
ZNF135	0.891	1.023	0.741	1.411
FAM172A	0.39	1.152	0.835	1.589
FLT1	0.094	1.253	0.963	1.631
RAI14	0.106	1.212	0.96	1.53
MCTP1	0.913	1.015	0.774	1.331
HTRA3	0.06	1.162	0.994	1.358
BBOF1	0.596	1.098	0.776	1.555
TMCC2	0.161	1.254	0.914	1.72
NRP2	0.054	1.175	0.997	1.384
CDC42EP3	0.204	1.114	0.943	1.316
GJA5	0.864	0.98	0.779	1.233
HEYL	0.057	1.178	0.995	1.394
SGCD	0.322	1.083	0.925	1.268
NT5C3A	0.428	0.89	0.666	1.188
EZH1	0.301	1.186	0.858	1.639
GPC6	0.417	1.072	0.906	1.269
TBCEL	0.114	1.213	0.955	1.542
CXCL1	0.266	0.945	0.854	1.044
HSPA12B	0.205	1.164	0.921	1.471
TSHZ1	0.465	1.095	0.859	1.395
GINM1	0.656	1.094	0.737	1.622
YPEL1	0.8	0.963	0.718	1.29
SEMA3C	0.066	1.153	0.991	1.342
EFHD1	0.26	1.112	0.924	1.338
HACD4	0.389	1.109	0.876	1.405
SELENOW	0.623	1.076	0.804	1.441
BEND5	0.282	1.122	0.91	1.384
PTPN21	0.334	1.153	0.864	1.538
HIF3A	0.2	1.078	0.961	1.208
ADAMTS7	0.233	1.143	0.918	1.425
FNDC5	0.236	1.128	0.924	1.378
ARMCX2	0.059	1.185	0.994	1.413
CREB5	0.993	0.999	0.761	1.311
FGFR1	0.256	1.095	0.936	1.282
CCDC69	0.509	1.053	0.903	1.228
TFPI2	0.029	1.163	1.016	1.333
PRDM6	0.023	1.512	1.058	2.16
RYR2	0.153	1.163	0.946	1.43
CCDC80	0.266	1.066	0.953	1.192
LRRN2	0.668	1.045	0.854	1.28
PTGES3L	0.556	1.08	0.837	1.393
PDK4	0.029	1.123	1.012	1.246
MEX3B	0.423	1.114	0.855	1.452
DPYSL2	0.482	1.082	0.869	1.345
DEPP1	0.029	1.195	1.018	1.403
IGFBP5	0.459	1.057	0.913	1.224
TMEM45B	0.415	0.947	0.83	1.08
RGS11	0.435	1.089	0.879	1.349
SPON1	0.404	1.048	0.938	1.171
WTIP	0.439	1.118	0.843	1.484
TMEM150C	0.804	0.971	0.77	1.225
PAPLN	0.358	1.086	0.911	1.295
SNCA	0.244	1.135	0.917	1.405
WASF3	0.43	1.061	0.916	1.228
PRICKLE2	0.285	1.095	0.927	1.295
ARMC9	0.208	1.195	0.906	1.578
SPEG	0.621	1.036	0.901	1.191
ISL2	0.508	1.081	0.858	1.362
RIPOR1	0.443	1.116	0.844	1.476
RAB7B	0.259	1.158	0.898	1.493
ACKR3	0.02	1.263	1.038	1.538
UNC5C	0.484	1.106	0.834	1.466
MAGI2	0.058	1.3	0.991	1.704
TSPYL2	0.935	1.01	0.793	1.286
TGFB2	0.056	1.19	0.995	1.422
GNPDA2	0.229	1.214	0.885	1.666
DNM3	0.088	1.294	0.963	1.739
ZNF704	0.364	1.083	0.912	1.287
KIAA1324L	0.099	1.154	0.973	1.369
RTL8A	0.489	1.072	0.88	1.307
C1QL1	0.123	1.134	0.967	1.33
LDOC1	0.218	1.092	0.949	1.257
ZNF25	0.74	1.046	0.8	1.368
RIN3	0.437	1.098	0.867	1.39
VASH1	0.364	0.885	0.679	1.153
TAC3	0.146	1.128	0.959	1.327
TXNDC17	0.472	1.126	0.814	1.558
ALDH1L2	0.538	1.068	0.866	1.318
PLAGL1	0.172	1.134	0.947	1.358
FREM1	0.066	1.194	0.988	1.443
NRXN2	0.234	1.122	0.928	1.357
TMEM255B	0.926	1.014	0.757	1.359
PPP2R5B	0.893	1.023	0.732	1.429
CHN1	0.868	0.98	0.776	1.239
ANGPTL2	0.34	1.076	0.925	1.251
BMERB1	0.146	1.143	0.955	1.368
RNF11	0.286	1.225	0.843	1.78
AGT	0.268	1.07	0.949	1.207
CLEC3B	0.662	0.962	0.81	1.143
KCTD17	0.963	0.995	0.8	1.238
TTC23	0.441	1.104	0.859	1.419
SULF1	0.588	1.034	0.915	1.169
STARD9	0.368	1.117	0.878	1.421
FZD1	0.098	1.201	0.967	1.491
RGS4	0.046	1.176	1.003	1.379
GPR68	0.946	0.993	0.801	1.229
MCAM	0.215	1.121	0.936	1.344
TCEAL7	0.08	1.176	0.981	1.411
FNDC1	0.209	1.07	0.963	1.191
ADAMTS4	0.417	1.086	0.889	1.328
RBMS3	0.089	1.19	0.974	1.456
COL1A2	0.267	1.082	0.941	1.244
EFCC1	0.899	0.984	0.774	1.253
HOXD8	0.423	1.142	0.825	1.58
NOVA1	0.321	1.117	0.898	1.39
CNTNAP1	0.141	1.15	0.954	1.387
ID3	0.79	1.034	0.807	1.326
COL5A1	0.235	1.096	0.942	1.276
FAXC	0.635	1.056	0.842	1.326
PRICKLE1	0.002	1.443	1.147	1.815
STON1	0.198	1.109	0.947	1.299
LYVE1	0.63	1.048	0.867	1.265
BHMT2	0.444	1.082	0.885	1.323
C16orf89	0.969	0.997	0.878	1.133
HYAL2	0.388	1.149	0.839	1.574
NDST1	0.354	1.127	0.875	1.453
GPR146	0.129	1.32	0.922	1.89
RBFOX2	0.22	1.194	0.899	1.585
CORIN	0.203	1.195	0.908	1.573
PDGFC	0.071	1.243	0.981	1.574
ROR1	0.104	1.172	0.968	1.419
GJA4	0.875	1.018	0.815	1.271
PPP1R3G	0.212	1.195	0.903	1.582
SPRY1	0.02	1.416	1.056	1.899
CTSO	0.281	1.133	0.903	1.422
DPT	0.827	1.013	0.899	1.142
GAB1	0.15	1.214	0.932	1.581
PLXDC1	0.177	1.194	0.923	1.544
TIMP4	0.185	1.122	0.947	1.33
LTBP2	0.135	1.128	0.963	1.321
GNG7	0.972	1.003	0.825	1.221
CDH13	0.312	1.141	0.883	1.475
CD99L2	0.726	1.046	0.813	1.346
MAP7D1	0.675	1.059	0.811	1.382
CXCL3	0.176	0.924	0.825	1.036
EDIL3	0.035	1.239	1.015	1.512
SNCG	0.003	1.224	1.07	1.4
TMEM252	0.808	1.019	0.874	1.189
HOPX	0.367	1.069	0.924	1.238
ADPRH	0.141	1.21	0.939	1.56
CRIM1	0.074	1.256	0.978	1.612
PLPPR2	0.201	1.172	0.919	1.496
ITM2C	0.375	1.084	0.907	1.295
KLF9	0.138	1.148	0.957	1.378
ZNF345	0.73	1.054	0.783	1.417
ST6GALNAC5	0.343	1.092	0.911	1.308
MAP3K20	0.433	1.074	0.898	1.284
NTRK2	0.369	1.079	0.914	1.275
TGFBR2	0.272	1.134	0.906	1.42
TMEM240	0.077	1.335	0.969	1.839
NR3C2	0.594	0.948	0.78	1.153
LAYN	0.154	1.136	0.953	1.352
ADGRB2	0.656	0.95	0.759	1.189
PRKAG2	0.478	1.113	0.828	1.496
SMIM10L2B	0.029	1.368	1.033	1.811
FBXL7	0.077	1.194	0.981	1.454
ATP5MC3	0.468	1.135	0.807	1.596
WDR86	0.456	1.135	0.814	1.581
SYNM	0.437	1.033	0.952	1.12
PINK1	0.473	1.102	0.845	1.439
TCEAL1	0.888	1.019	0.788	1.316
ANK2	0.332	1.09	0.916	1.299
NANOS1	0.504	1.094	0.84	1.426
PCDH18	0.218	1.143	0.924	1.414
TSPAN9	0.433	1.094	0.874	1.368
VASH2	0.776	1.048	0.759	1.447
CHD3	0.513	1.094	0.836	1.43
HTR2A	0.383	1.136	0.853	1.513
INHBA	0.201	1.106	0.948	1.289
SLC6A16	0.924	0.984	0.706	1.371
MECP2	0.538	0.894	0.627	1.276
SCRG1	0.174	1.095	0.961	1.249
CYP27A1	0.613	1.042	0.889	1.22
EHD3	0.222	1.145	0.921	1.424
BEND6	0.048	1.423	1.004	2.018
AOPEP	0.587	0.927	0.707	1.217
TSPAN2	0.452	1.056	0.916	1.219
GPR176	0.178	1.157	0.936	1.429
C22orf39	0.525	1.119	0.791	1.584
TP53INP2	0.42	1.089	0.885	1.341
SNAPC2	0.81	1.042	0.743	1.461
NGFR	0.136	1.09	0.973	1.221
NOTCH4	0.237	1.169	0.903	1.513
MAPRE3	0.459	1.083	0.877	1.338
PDZRN3	0.382	1.067	0.923	1.233
SVEP1	0.042	1.185	1.006	1.396
ELL2	0.089	1.254	0.966	1.628
KCNIP3	0.614	1.065	0.833	1.363
CC2D2A	0.011	1.388	1.077	1.789
SHROOM4	0.958	0.994	0.786	1.257
PCDHGA12	0.199	1.193	0.911	1.562
PLEKHH2	0.08	1.202	0.978	1.476
MAN1C1	0.209	1.149	0.925	1.427
CERCAM	0.221	1.113	0.937	1.323
ADARB1	0.091	1.246	0.965	1.609
MFGE8	0.277	1.129	0.907	1.403
ARHGAP23	0.333	1.097	0.91	1.322
SCN4B	0.27	1.128	0.911	1.398
FZD2	0.115	1.143	0.968	1.351
BST1	0.15	1.179	0.943	1.474
SPIRE1	0.019	1.27	1.04	1.552
PALMD	0.33	1.119	0.892	1.405
NEGR1	0.232	1.111	0.935	1.32
PDE4A	0.756	1.04	0.81	1.336
VEGFD	0.536	1.081	0.844	1.385
PRKAA2	0.149	1.112	0.963	1.283
WHRN	0.241	0.885	0.721	1.086
NNAT	0.943	1.006	0.861	1.175
DIXDC1	0.742	1.03	0.866	1.225
CERS4	0.375	1.069	0.923	1.237
COL4A6	0.069	1.172	0.988	1.391
SFN	0.908	1.007	0.891	1.139
STBD1	0.233	1.24	0.871	1.767
APOLD1	0.154	1.154	0.948	1.404
KIAA0513	0.585	1.065	0.85	1.335
CD109	0.006	1.233	1.061	1.434
DPYSL4	0.158	1.185	0.936	1.5
DSEL	0.135	1.201	0.945	1.526
MICU3	0.19	1.194	0.916	1.557
KDF1	0.573	0.947	0.783	1.145
CHL1	0.132	1.176	0.953	1.451
GAREM2	0.662	1.052	0.837	1.322
VCAN	0.03	1.196	1.018	1.405
IRS1	0.027	1.244	1.025	1.509
PRKG1	0.242	1.123	0.925	1.364
SGCA	0.297	1.077	0.937	1.237
SOX17	0.52	1.078	0.858	1.354
CAP2	0.118	1.118	0.972	1.287
SLC22A17	0.046	1.182	1.003	1.393
GPRASP2	0.074	1.255	0.978	1.612
ARMCX5__GPRASP2	0.074	1.255	0.978	1.612
PMP22	0.503	1.067	0.883	1.29
FJX1	0.03	1.312	1.027	1.675
THBD	0.113	1.17	0.964	1.42
ARHGEF17	0.121	1.178	0.958	1.449
NME4	0.393	1.091	0.893	1.332
CAMK2G	0.659	0.941	0.719	1.232
P2RY1	0.188	1.171	0.926	1.48
ZNF512B	0.121	1.157	0.962	1.391
SUSD2	0.657	1.042	0.869	1.25
A2M	0.189	1.12	0.946	1.327
CYTH3	0.128	1.217	0.945	1.568
HSPG2	0.387	1.078	0.91	1.277
ARHGAP24	0.774	1.035	0.819	1.307
FHL3	0.183	1.174	0.927	1.488
ZNF593	0.846	1.036	0.727	1.476
OLFML2B	0.066	1.148	0.991	1.33
PCDHB8	0.356	1.072	0.925	1.242
RFLNB	0.783	1.034	0.816	1.311
RAB3IL1	0.125	1.178	0.956	1.453
FSCN1	0.521	1.05	0.905	1.217
HOXA3	0.743	1.031	0.859	1.238
SHISAL1	0.515	1.049	0.908	1.211
TENM3	0.063	1.166	0.991	1.371
FOSB	0.212	1.074	0.96	1.201
SORCS2	0.172	1.145	0.943	1.39
SHC2	0.192	1.133	0.939	1.366
KL	0.105	1.212	0.961	1.53
ZNF331	0.092	1.195	0.971	1.471
ITGA9	0.241	1.104	0.935	1.304
BEX3	0.03	1.188	1.017	1.388
GBGT1	0.779	0.97	0.786	1.197
TAFA5	0.295	1.103	0.919	1.324
ATP5MD	0.588	1.114	0.753	1.649
RAMP3	0.506	1.076	0.867	1.334
CAV2	0.005	1.247	1.067	1.457
HOXB2	0.504	0.942	0.792	1.121
S1PR3	0.68	1.037	0.872	1.235
CALCOCO1	0.371	1.134	0.861	1.495
COL10A1	0.267	1.056	0.959	1.164
KCNN3	0.262	1.133	0.911	1.409
THRB	0.088	1.155	0.978	1.364
GPR173	0.125	1.219	0.946	1.569
HLX	0.213	1.219	0.893	1.663
WLS	0.193	1.145	0.934	1.404
KLHL5	0.298	1.118	0.907	1.378
AGTR1	0.165	1.119	0.955	1.313
LONRF2	0.212	1.144	0.926	1.412
RGS5	0.12	1.156	0.963	1.388
PKD2	0.174	1.16	0.936	1.438
AR	0.425	1.108	0.862	1.424
GALNT17	0.189	1.177	0.923	1.5
MAL2	0.483	0.945	0.807	1.107
MFAP2	0.071	1.137	0.989	1.308
RET	0.756	1.026	0.872	1.207
LAMB1	0.086	1.193	0.975	1.46
ARSJ	0.632	1.054	0.851	1.304
GLIS3	0.307	1.096	0.919	1.306
P3H1	0.862	1.025	0.774	1.358
ANGPTL1	0.188	1.08	0.963	1.212
MEIS2	0.228	1.155	0.914	1.458
ENOX1	0.153	1.164	0.945	1.432
RRAS	0.133	1.189	0.949	1.49
RIPOR3	0.571	0.921	0.692	1.225
ZNF358	0.364	1.126	0.871	1.456
DYNC2H1	0.133	1.234	0.938	1.624
ARHGAP10	0.096	1.218	0.966	1.535
DOK5	0.208	1.173	0.915	1.503
FAXDC2	0.41	1.077	0.903	1.285
ZBTB46	0.756	0.956	0.719	1.271
DEGS1	0.719	1.059	0.775	1.446
ENG	0.311	1.135	0.888	1.452
ANKDD1A	0.41	1.16	0.815	1.649
EFEMP1	0.068	1.123	0.991	1.273
SEMA7A	0.488	1.066	0.89	1.276
HIP1	0.984	1.002	0.786	1.278
TSPAN7	0.496	1.057	0.901	1.241
GYG1	0.216	1.191	0.903	1.571
PRXL2C	0.501	1.124	0.799	1.581
ARHGAP20	0.075	1.327	0.972	1.812
C3orf70	0.637	1.035	0.898	1.192
ZSCAN18	0.476	1.07	0.889	1.288
TMEM45A	0.032	1.248	1.019	1.527
ZNF649	0.554	1.069	0.857	1.333
DIRAS1	0.26	1.112	0.925	1.336
PDLIM3	0.146	1.094	0.969	1.234
RIMKLB	0.935	0.993	0.829	1.189
DSTN	0.744	1.042	0.816	1.33
ANKH	0.501	1.069	0.881	1.297
KLF15	0.457	1.063	0.905	1.248
GADD45B	0.014	1.286	1.052	1.573
WSCD1	0.131	1.223	0.942	1.588
SLMAP	0.601	1.062	0.847	1.333
GRAMD1A	0.446	1.098	0.863	1.396
MMP17	0.26	1.132	0.912	1.404
ZBTB4	0.877	1.021	0.788	1.323
PRR16	0.952	1.007	0.796	1.275
ZNF423	0.256	1.116	0.923	1.348
CNTN1	0.014	1.198	1.037	1.383
LOX	0.013	1.232	1.045	1.453
FEZ2	0.211	1.249	0.882	1.769
SEMA6B	0.37	1.105	0.889	1.373
PCDHAC2	0.049	1.27	1.001	1.611
ITGA5	0.533	1.053	0.895	1.24
ADAMTSL1	0.492	1.099	0.839	1.441
DCN	0.399	1.065	0.92	1.232
SCMH1	0.69	0.939	0.688	1.28
C5orf46	0.019	1.271	1.04	1.552
C20orf194	0.15	1.166	0.946	1.437
SOX18	0.605	1.059	0.852	1.316
APLNR	0.539	1.055	0.89	1.25
LIMCH1	0.813	0.974	0.781	1.214
RGS2	0.033	1.188	1.014	1.392
VLDLR	0.206	1.148	0.927	1.421
ITGB5	0.037	1.311	1.017	1.689
LIFR	0.272	1.105	0.925	1.321
ZC3H12A	0.6	0.956	0.808	1.131
CEBPB	0.189	1.167	0.927	1.468
ERG	0.109	1.227	0.956	1.576
NACC2	0.993	1.001	0.804	1.246
MAPK10	0.354	1.132	0.871	1.473
IL17RD	0.934	1.007	0.852	1.191
PARVA	0.167	1.175	0.935	1.477
SCD5	0.933	1.008	0.842	1.206
KLHL13	0.094	1.185	0.971	1.445
HSPA12A	0.458	1.082	0.879	1.331
GNA14	0.324	1.103	0.908	1.34
C1QTNF3	0.247	1.12	0.924	1.358
FYCO1	0.37	1.103	0.89	1.368
CCR10	0.547	1.098	0.811	1.486
PODN	0.12	1.105	0.974	1.254
CRLF1	0.099	1.124	0.978	1.291
MGP	0.15	1.085	0.971	1.211
RUNDC3B	0.549	1.103	0.801	1.518
CAV1	0.03	1.167	1.015	1.341
AMIGO2	0.065	1.162	0.99	1.363
DKK2	0.642	1.05	0.854	1.292
GNAZ	0.73	0.971	0.823	1.146
PLTP	0.024	1.196	1.024	1.398
KLHL3	0.363	1.193	0.816	1.744
AMOTL1	0.186	1.121	0.946	1.329
PCDHB16	0.354	1.094	0.904	1.324
CADM3	0.295	1.092	0.926	1.286
FZD4	0.208	1.166	0.918	1.481
PKD1	0.676	0.954	0.764	1.191
PALLD	0.599	1.043	0.893	1.218
BCL6	0.342	1.123	0.884	1.426
C1S	0.673	1.037	0.877	1.226
PIP4P2	0.024	1.256	1.031	1.531
SGIP1	0.435	1.126	0.836	1.518
HOXA5	0.58	1.053	0.877	1.264
ACVR1	0.026	1.482	1.048	2.095
SLC46A1	0.887	1.021	0.769	1.355
C1orf21	0.936	1.01	0.798	1.277
PLEKHO1	0.996	1.001	0.826	1.213
OSTM1	0.434	1.12	0.843	1.489
PLOD2	0.011	1.308	1.062	1.611
FAM13B	0.841	0.973	0.744	1.272
RNF217	0.074	1.25	0.978	1.597
RTN4	0.042	1.39	1.012	1.911
RAB36	0.982	0.998	0.834	1.194
LRRN4CL	0.572	1.056	0.875	1.273
GPR162	0.484	1.128	0.805	1.582
RNLS	0.965	0.994	0.752	1.313
ZNF366	0.676	1.065	0.792	1.433
FAM110B	0.181	1.134	0.943	1.365
RASSF9	0.233	1.138	0.92	1.406
AUTS2	0.826	1.021	0.85	1.226
CTF1	0.073	1.139	0.988	1.313
SERPINH1	0.318	1.12	0.896	1.401
VCL	0.391	1.1	0.884	1.369
TPSD1	0.366	1.063	0.931	1.212
MXI1	0.124	1.213	0.949	1.551
ACKR1	0.553	1.035	0.924	1.159
GJC1	0.386	1.083	0.904	1.297
MGST2	0.838	1.033	0.759	1.405
TCTN1	0.221	1.198	0.897	1.601
PIM1	0.002	1.466	1.15	1.87
ARHGEF40	0.326	1.116	0.897	1.388
ALKAL1	0.576	1.049	0.888	1.239
MFAP4	0.484	1.039	0.933	1.157
TMEM43	0.092	1.284	0.96	1.718
NUPR1	0.64	1.041	0.879	1.234
ATP5MC1	0.302	0.844	0.611	1.165
KRTCAP3	0.436	0.939	0.8	1.101
GUCY1B1	0.3	1.1	0.919	1.316
HLF	0.278	1.094	0.93	1.287
SNED1	0.925	1.011	0.806	1.269
MEF2D	0.575	1.093	0.8	1.494
CCDC102B	0.533	1.115	0.792	1.569
ZNF439	0.408	0.883	0.659	1.185
REEP2	0.343	1.08	0.921	1.267
GAS7	0.837	1.019	0.855	1.214
ELOVL4	0.135	1.187	0.948	1.487
TGFB3	0.164	1.135	0.95	1.356
BRSK1	0.617	1.063	0.837	1.351
CAND2	0.261	1.112	0.924	1.339
PTBP2	0.76	1.05	0.766	1.44
MYCT1	0.307	1.143	0.884	1.477
TPBGL	0.837	1.027	0.797	1.323
MEIS1	0.956	0.994	0.803	1.23
BHLHE22	0.633	1.066	0.821	1.384
PCDHB10	0.356	1.12	0.88	1.426
ARL4D	0.115	1.134	0.97	1.327
GPR4	0.113	1.239	0.95	1.615
BEX1	0.184	1.061	0.972	1.158
SYNGR1	0.172	1.124	0.95	1.33
OLFM1	0.115	0.86	0.713	1.037
ABHD17C	0.813	1.023	0.848	1.234
IGSF21	0.141	1.198	0.942	1.523
NCAM1	0.489	1.066	0.889	1.278
EDNRA	0.093	1.171	0.974	1.409
ULK2	0.87	1.023	0.782	1.337
LTBP4	0.118	1.172	0.961	1.43
PAPPA	0.279	1.12	0.913	1.374
PITPNM3	0.374	0.922	0.771	1.102
MTSS2	0.627	1.048	0.868	1.264
TLE2	0.855	1.016	0.855	1.208
TSPAN4	0.27	1.152	0.896	1.481
NSMCE3	0.753	1.057	0.748	1.493
COX6C	0.548	0.905	0.655	1.252
LARP6	0.046	1.217	1.004	1.476
TXN	0.499	1.098	0.838	1.438
CDK14	0.027	1.217	1.022	1.449
RGS7BP	0.122	1.216	0.949	1.559
PCDHB5	0.015	1.188	1.034	1.365
VKORC1	0.202	1.238	0.892	1.717
HSD17B14	0.337	1.085	0.918	1.282
STXBP2	0.76	0.956	0.718	1.274
ST3GAL2	0.67	1.053	0.83	1.337
TNFAIP8L1	0.591	0.925	0.694	1.231
NRTN	0.894	1.012	0.853	1.2
STK33	0.585	1.078	0.824	1.41
FRY	0.216	1.175	0.91	1.518
TCF15	0.427	1.125	0.842	1.504
ADAM33	0.349	1.072	0.927	1.239
PLPP1	0.11	1.206	0.958	1.519
SPHK1	0.879	1.015	0.838	1.23
FGD5	0.795	1.029	0.831	1.273
PROS1	0.029	1.213	1.02	1.442
TMEM204	0.523	1.084	0.847	1.387
MRPL23	0.763	1.05	0.766	1.437
MEF2C	0.49	1.075	0.875	1.322
SLC45A1	0.061	1.301	0.988	1.712
CKB	0.198	1.076	0.962	1.203
COLQ	0.507	1.135	0.78	1.651
UCHL3	0.821	1.038	0.751	1.436
THBS3	0.268	1.153	0.897	1.483
CPNE8	0.001	1.53	1.201	1.949
SIGLEC6	0.113	1.212	0.955	1.537
NID2	0.062	1.195	0.991	1.441
ADHFE1	0.641	1.062	0.824	1.369
LRP12	0.154	1.229	0.925	1.632
ITGA8	0.264	1.091	0.936	1.272
PGBD1	0.589	1.072	0.834	1.378
RHOB	0.301	1.101	0.918	1.32
EIF4E3	0.42	0.901	0.698	1.161
STUM	0.644	1.043	0.872	1.248
TTC28	0.253	1.134	0.914	1.406
COX8A	0.911	0.98	0.689	1.395
MAP3K12	0.255	1.202	0.876	1.65
MTMR9	0.167	1.219	0.921	1.614
METTL24	0.449	1.061	0.91	1.238
SH3PXD2A	0.952	1.007	0.795	1.276
PTPN13	0.214	1.128	0.933	1.363
MARCKS	0.007	1.584	1.135	2.211
TGFBI	0.511	1.05	0.908	1.214
MYADM	0.229	1.13	0.926	1.38
CSGALNACT1	0.697	0.958	0.771	1.19
RGMA	0.501	1.041	0.927	1.168
LRP3	0.683	1.033	0.883	1.21
TGFBR3	0.999	1	0.845	1.184
MTCL1	0.94	1.007	0.831	1.221
NLGN4Y	0.389	1.102	0.884	1.373
CALD1	0.171	1.092	0.963	1.238
ST3GAL3	0.741	1.048	0.795	1.38
PHYHIPL	0.832	0.98	0.816	1.178
ZNF736	0.805	0.974	0.787	1.205
ZNF665	0.382	0.83	0.545	1.262
ADAMTS2	0.271	1.081	0.941	1.243
TXNIP	0.099	1.17	0.971	1.41
SOCS2	0.224	1.169	0.909	1.505
DLL4	0.231	1.161	0.909	1.482
FMO1	0.204	1.141	0.931	1.4
NAP1L3	0.221	1.147	0.921	1.429
MEF2A	0.076	1.264	0.976	1.639
DAAM2	0.236	1.107	0.936	1.31
WNT5A	0.772	1.027	0.859	1.227
TRPC1	0.203	1.169	0.919	1.486
VANGL2	0.809	0.984	0.867	1.118
PHKG1	0.304	1.176	0.863	1.603
RRAGB	0.25	1.211	0.874	1.678
TOR1AIP1	0.571	1.099	0.793	1.523
ABCC9	0.046	1.178	1.003	1.383
NCAM2	0.07	1.267	0.98	1.638
RASL12	0.821	1.022	0.844	1.239
PCP4	0.591	0.965	0.846	1.1
DEXI	0.099	1.419	0.937	2.149
MICAL2	0.736	1.039	0.832	1.298
FKBP7	0.117	1.241	0.947	1.627
BMPR1A	0.975	0.995	0.747	1.327
CLEC11A	0.654	1.041	0.873	1.241
CX3CR1	0.123	1.175	0.957	1.443
MEDAG	0.458	1.057	0.913	1.225
ST6GAL2	0.221	1.179	0.906	1.533
GSDME	0.162	1.149	0.945	1.397
GPR153	0.782	1.023	0.869	1.205
SESN3	0.766	1.026	0.864	1.219
CCDC149	0.61	1.082	0.799	1.464
MAP7D3	0.142	1.186	0.945	1.489
CDH2	0.023	1.213	1.026	1.432
RILPL1	0.393	1.148	0.837	1.574
CCM2L	0.587	1.081	0.816	1.432
SHANK3	0.39	1.106	0.879	1.391
MXRA8	0.143	1.113	0.964	1.284
EID2B	0.916	1.022	0.683	1.528
OLFM2	0.381	1.07	0.92	1.243
CCN4	0.752	1.027	0.871	1.212
ECEL1	0.748	0.975	0.833	1.14
CNN3	0.134	1.177	0.951	1.457
ARMCX4	0.346	1.171	0.843	1.627
PTPRS	0.971	1.003	0.861	1.167
SOX7	0.232	1.123	0.928	1.358
BAG3	0.813	1.029	0.813	1.302
EHD2	0.081	1.163	0.982	1.377
SNX21	0.894	1.018	0.78	1.33
SEM1	0.088	1.272	0.965	1.677
GASK1A	0.184	1.146	0.937	1.4
PDE2A	0.082	1.196	0.978	1.462
GRP	0.015	1.207	1.038	1.405
MYOM1	0.616	1.047	0.875	1.252
FERMT2	0.087	1.14	0.981	1.323
JAM3	0.082	1.166	0.981	1.387
FADS2	0.697	0.969	0.828	1.134
ZNF790	0.553	1.073	0.851	1.353
PPP1R12B	0.445	1.048	0.93	1.181
RBM47	0.302	0.89	0.712	1.111
COL1A1	0.258	1.077	0.947	1.224
SNRPF	0.857	1.028	0.76	1.392
AP1S2	0.807	1.028	0.826	1.278
OMD	0.109	1.108	0.977	1.256
EPAS1	0.4	1.122	0.858	1.467
RGS9	0.61	1.072	0.822	1.397
CACNA1C	0.755	1.026	0.873	1.206
BMPR1B	0.433	1.086	0.883	1.336
GNAI2	0.822	1.037	0.757	1.42
ANKRD29	0.319	1.103	0.91	1.337
TTLL11	0.777	1.044	0.776	1.404
TPSB2	0.811	1.015	0.897	1.149
DIO2	0.672	0.964	0.813	1.143
TOX	0.484	0.948	0.817	1.101
RAB31	0.214	1.131	0.931	1.373
ANXA5	0.02	1.436	1.059	1.946
CPM	0.337	1.079	0.924	1.262
ZNF844	0.616	1.057	0.852	1.311
PKIG	0.345	1.106	0.897	1.364
AP1M1	0.036	1.5	1.026	2.193
LIX1L	0.27	1.128	0.911	1.396
SYN1	0.073	1.197	0.983	1.458
AHNAK2	0.102	1.102	0.981	1.238
TM4SF18	0.134	1.232	0.938	1.618
ADGRF5	0.351	1.119	0.883	1.418
CPA3	0.277	1.075	0.944	1.225
CA11	0.63	1.064	0.827	1.369
CPAMD8	0.298	1.178	0.865	1.606
PCDHB9	0.496	1.089	0.852	1.394
TECPR2	0.264	1.194	0.874	1.631
CCN2	0.101	1.152	0.973	1.365
PYGO1	0.009	1.294	1.065	1.573
PHLDB1	0.178	1.182	0.926	1.509
SDK1	0.94	0.993	0.831	1.187
LTBP3	0.123	1.165	0.959	1.414
C2orf74	0.5	1.101	0.833	1.455
ITPKB	0.926	0.991	0.812	1.209
ARHGAP28	0.245	1.158	0.904	1.483
PCDHB15	0.613	1.064	0.836	1.355
TEAD1	0.327	1.11	0.901	1.369
SRPX	0.179	1.097	0.959	1.254
LEF1	0.916	0.989	0.809	1.21
MDGA1	0.655	1.069	0.798	1.432
PHACTR1	0.917	0.985	0.75	1.295
MLLT11	0.745	1.032	0.852	1.251
GPR63	0.417	1.145	0.826	1.588
ITGA1	0.289	1.105	0.919	1.33
FAM149A	0.752	0.969	0.798	1.177
BBS5	0.895	1.022	0.739	1.414
ZNF569	0.38	1.139	0.852	1.522
PRAF2	0.17	1.181	0.931	1.499
BOC	0.099	1.127	0.978	1.299
GNG8	0.209	0.844	0.648	1.1
BMP6	0.079	1.203	0.979	1.478
ARHGEF37	0.164	0.863	0.702	1.062
TPGS1	0.173	0.799	0.578	1.104
SCUBE1	0.087	1.206	0.973	1.495
TEK	0.392	1.105	0.879	1.388
COL7A1	0.606	0.963	0.834	1.112
TMOD2	0.21	1.178	0.912	1.522
SULT1C4	0.47	1.074	0.886	1.301
TNRC6C	0.601	0.932	0.718	1.212
TAGLN	0.233	1.063	0.961	1.177
DOCK11	0.492	1.069	0.884	1.293
SV2A	0.501	1.068	0.882	1.293
C1QTNF1	0.635	1.04	0.885	1.223
SMPD1	0.343	1.144	0.866	1.51
GPC3	0.015	1.111	1.02	1.21
EOGT	0.742	1.044	0.809	1.347
VEGFC	0.225	1.161	0.912	1.479
NES	0.69	1.038	0.865	1.245
EML1	0.567	1.051	0.886	1.247
BNC2	0.26	1.109	0.926	1.329
SEMA3D	0.801	1.028	0.828	1.278
UNC5B	0.913	1.011	0.831	1.23
EFHC2	0.201	1.196	0.909	1.574
PRND	0.249	1.153	0.905	1.469
CCL14	0.197	1.204	0.908	1.596
PDE7B	0.188	1.133	0.941	1.364
SEMA3G	0.626	1.052	0.857	1.291
MPDZ	0.062	1.193	0.991	1.435
CTSK	0.485	1.066	0.891	1.274
CCDC107	0.973	1.005	0.756	1.336
PID1	0.425	1.064	0.914	1.238
POPDC2	0.636	1.034	0.901	1.186
DOC2B	0.059	0.864	0.742	1.006
SEMA5A	0.748	1.033	0.849	1.255
LATS2	0.544	1.093	0.82	1.455
HACD1	0.236	1.111	0.934	1.321
COL8A1	0.203	1.088	0.955	1.239
CPZ	0.026	1.384	1.039	1.842
HIGD1B	0.08	1.402	0.961	2.046
USP51	0.114	1.241	0.949	1.623
COX5A	0.742	0.944	0.671	1.328
ADAMTS6	0.167	1.225	0.919	1.634
CXCL12	0.955	1.005	0.858	1.176
LINC00672	0.466	1.136	0.806	1.602
VMAC	0.687	0.932	0.662	1.312
FLRT2	0.11	1.222	0.956	1.561
TNS1	0.464	1.047	0.926	1.184
BCAT1	0.365	1.075	0.92	1.256
SLC36A4	0.693	1.053	0.816	1.357
GFRA3	0.201	1.088	0.956	1.239
APOD	0.062	1.088	0.996	1.189
GPR1	0.214	1.224	0.89	1.684
IL6ST	0.627	1.06	0.837	1.344
NRXN3	0.288	1.09	0.93	1.277
SBSPON	0.234	0.908	0.775	1.064
ANKRD65	0.41	1.07	0.911	1.256
SYTL4	0.805	0.965	0.728	1.279
ZNF385B	0.985	1.002	0.791	1.27
ECRG4	0.506	1.034	0.937	1.141
ARMH4	0.011	1.524	1.101	2.11
MMD	0.069	1.217	0.985	1.503
PEA15	0.248	1.212	0.874	1.681
ZNF549	0.41	1.128	0.847	1.503
PLN	0.193	1.065	0.969	1.171
NDNF	0.183	1.108	0.953	1.287
WFDC1	0.644	1.053	0.845	1.312
PLEKHA4	0.793	1.025	0.853	1.231
HEG1	0.27	1.119	0.916	1.366
SPACA6	0.472	1.11	0.836	1.473
ARL2BP	0.514	1.105	0.818	1.493
SH2D3C	0.86	1.023	0.795	1.317
LIN7A	0.138	1.215	0.939	1.571
GABRD	0.564	1.071	0.849	1.35
GATA2	0.972	1.004	0.801	1.259
ADGRD1	0.124	1.162	0.96	1.408
NAP1L5	0.17	1.192	0.928	1.531
GHR	0.046	1.224	1.004	1.493
EFNA4	0.185	0.853	0.675	1.079
LCN2	0.473	0.973	0.901	1.049
GPR155	0.557	0.95	0.8	1.128
PTGIR	0.52	1.094	0.831	1.44
FADS1	0.951	1.006	0.84	1.205
ZNF568	0.511	1.12	0.798	1.574
HAND2	0.357	1.046	0.951	1.151
KLHDC1	0.862	1.028	0.756	1.397
SMIM10L2A	0.167	1.233	0.916	1.659
RRAGA	0.482	1.131	0.802	1.594
PDLIM4	0.423	1.069	0.908	1.258
GNG11	0.077	1.216	0.979	1.51
PDLIM7	0.12	1.147	0.965	1.364
RTL8C	0.064	1.247	0.988	1.574
TNXB	0.367	1.065	0.929	1.221
ZNF71	0.444	1.094	0.869	1.379
KIRREL1	0.12	1.171	0.96	1.43
COL4A2	0.115	1.164	0.964	1.407
RAMP2	0.45	1.084	0.879	1.336
SMTN	0.581	1.044	0.896	1.216
MAP1A	0.784	1.023	0.867	1.207
TUSC1	0.619	0.951	0.78	1.16
NXPH3	0.427	1.069	0.907	1.258
PLAU	0.405	1.071	0.911	1.258
CNPY2	0.591	0.9	0.612	1.323
GLIPR1	0.193	1.125	0.942	1.343
ADAMTS8	0.016	1.197	1.034	1.386
ENPP1	0.403	1.114	0.865	1.434
CNTN4	0.047	1.297	1.003	1.677
PAM	0.641	1.05	0.854	1.292
HOXA2	0.523	1.068	0.873	1.305
PBX3	0.474	1.075	0.881	1.312
ZNF362	0.353	1.129	0.874	1.46
DMPK	0.692	1.036	0.871	1.231
NRIP2	0.939	0.989	0.749	1.307
CRY2	0.547	1.099	0.808	1.496
ORAI3	0.155	1.255	0.918	1.715
SORBS1	0.546	1.036	0.923	1.164
RAB34	0.007	1.255	1.064	1.48
ABCA3	0.143	1.125	0.961	1.316
WASF1	0.301	1.096	0.921	1.305
ADAMTS5	0.119	1.236	0.947	1.613
ANTXR1	0.131	1.127	0.965	1.316
UBTD1	0.266	1.149	0.899	1.469
BIK	0.342	0.923	0.783	1.088
MYRIP	0.959	0.994	0.802	1.232
TPM2	0.227	1.074	0.957	1.206
IL17D	0.5	1.108	0.822	1.494
FOXP2	0.255	1.109	0.928	1.326
KLF8	0.765	1.046	0.78	1.403
NOG	0.115	1.186	0.959	1.465
GPER1	0.973	1.003	0.843	1.193
RERGL	0.59	1.058	0.861	1.302
FLNA	0.134	1.098	0.972	1.242
IGFBP6	0.279	1.098	0.927	1.299
DIP2C	0.645	1.057	0.834	1.34
CHIC1	0.156	1.149	0.948	1.393
CNRIP1	0.216	1.158	0.918	1.46
ARHGEF10	0.17	1.16	0.939	1.433
PDGFRL	0.037	1.187	1.01	1.394
FILIP1L	0.355	1.084	0.914	1.286
SNX29	0.165	1.234	0.917	1.662
RASA3	0.625	1.054	0.853	1.303
UBE2E2	0.161	1.173	0.939	1.465
NMUR1	0.252	1.152	0.904	1.468
INAFM2	0.097	1.18	0.97	1.435
LMO2	0.386	0.893	0.691	1.154
PHF21A	0.72	0.942	0.681	1.304
NFIA	0.811	1.026	0.83	1.269
TBXA2R	0.52	1.101	0.821	1.477
ST6GALNAC3	0.016	1.412	1.066	1.871
AEBP1	0.151	1.114	0.961	1.291
ABHD11	0.426	0.915	0.736	1.138
THSD4	0.459	1.077	0.885	1.31
TSPO	0.484	0.92	0.728	1.162
PI15	0.895	0.99	0.853	1.149
BAHCC1	0.987	1.002	0.812	1.236
ASPN	0.193	1.081	0.961	1.215
MARK1	0.652	1.041	0.875	1.238
MAGED2	0.293	1.153	0.884	1.504
CLU	0.461	1.042	0.934	1.162
GALNT15	0.08	1.18	0.981	1.419
EFEMP2	0.31	1.103	0.913	1.332
MEGF6	0.673	1.039	0.869	1.243
TWIST1	0.414	1.07	0.91	1.258
RGMB	0.397	1.098	0.885	1.362
CTIF	0.775	1.04	0.796	1.358
ITGA11	0.235	1.1	0.94	1.286
HAS2	0.861	1.018	0.833	1.244
ELOVL5	0.886	0.987	0.824	1.182
COX7A1	0.624	1.051	0.863	1.28
MYLIP	0.329	1.146	0.872	1.505
GAMT	0.012	1.186	1.039	1.354
RUSC2	0.208	1.168	0.917	1.486
DZIP1	0.257	1.132	0.913	1.403
PXDC1	0.027	1.289	1.029	1.614
SLIT3	0.129	1.121	0.967	1.298
CHST15	0.348	1.08	0.92	1.268
SFRP1	0.251	1.063	0.958	1.18
KCNAB1	0.826	0.959	0.659	1.395
MDFIC	0.183	1.154	0.934	1.426
CCDC74A	0.025	1.306	1.034	1.651
HTR2B	0.04	1.207	1.009	1.444
RNF150	0.173	1.108	0.956	1.285
RASSF8	0.116	1.141	0.968	1.346
LRRC17	0.283	1.126	0.907	1.397
ZNF469	0.472	1.072	0.888	1.294
TMEM8B	0.461	0.908	0.703	1.173
FAM20C	0.368	1.093	0.901	1.326
HEY1	0.861	1.022	0.803	1.301
SSPN	0.074	1.161	0.985	1.369
BRD3OS	0.775	1.045	0.773	1.413
C17orf107	0.459	1.119	0.832	1.504
ZNF521	0.142	1.18	0.946	1.473
GJA1	0.005	1.279	1.078	1.517
FAM229B	0.055	1.247	0.996	1.563
OGN	0.39	1.038	0.953	1.132
KLF10	0.159	1.216	0.926	1.596
F8	0.057	1.285	0.992	1.664
TLE4	0.627	1.065	0.827	1.371
MMP12	0.149	0.94	0.864	1.022
SAMD11	0.256	1.114	0.925	1.342
C4B	0.278	1.091	0.932	1.276
MMP16	0.044	1.384	1.009	1.898
ADCYAP1	0.002	1.414	1.131	1.767
ZNF580	0.989	0.998	0.714	1.395
IL34	0.532	1.066	0.873	1.3
TMEM130	0.236	1.133	0.922	1.394
MCRIP1	0.202	1.175	0.917	1.505
ENTPD1	0.726	0.949	0.709	1.27
PDPN	0.865	1.016	0.844	1.224
CSRP2	0.547	1.075	0.849	1.361
BTG2	0.79	1.03	0.831	1.276
POSTN	0.067	1.143	0.991	1.319
CHST14	0.152	1.217	0.93	1.592
ZBTB10	0.064	1.198	0.99	1.451
GPX3	0.014	1.197	1.038	1.381
RAB23	0.317	1.086	0.924	1.277
RNF152	0.203	1.189	0.911	1.553
NIPAL4	0.342	1.099	0.904	1.337
RMDN2	0.136	1.25	0.932	1.676
SH3BGRL	0.115	1.175	0.961	1.436
PCDHB11	0.356	1.083	0.914	1.284
PPM1F	0.886	0.977	0.712	1.34
ROR2	0.074	1.147	0.987	1.334
SERPINE2	0.401	1.067	0.917	1.242
SPART	0.806	1.023	0.855	1.224
CALU	0.189	1.191	0.918	1.545
PIEZO2	0.022	1.355	1.046	1.755
KLHL38	0.033	1.405	1.028	1.92
DUSP10	0.492	1.074	0.876	1.316
GPBAR1	0.62	1.045	0.877	1.246
LHX6	0.008	1.429	1.096	1.863
REEP1	0.604	1.043	0.89	1.221
TMEM100	0.157	1.125	0.956	1.323
GRK5	0.129	0.824	0.642	1.058
RFTN2	0.559	1.115	0.774	1.606
FOXS1	0.077	1.176	0.983	1.407
ROBO1	0.934	1.008	0.83	1.224
LRRC4	0.762	1.041	0.801	1.353
HMCN2	0.994	0.999	0.816	1.223
OXTR	0.176	1.186	0.927	1.518
CNN2	0.452	1.095	0.864	1.387
ANO5	0.032	1.218	1.017	1.459
SMAD9	1	1	0.868	1.152
ATXN1	0.208	1.186	0.909	1.547
GNB4	0.288	1.116	0.911	1.367
TUBG2	0.08	1.272	0.972	1.666
HAS1	0.227	1.118	0.933	1.341
MSC	0.612	1.052	0.865	1.28
GJC2	0.663	0.956	0.783	1.168
GALNT18	0.125	1.209	0.949	1.541
MCRIP2	0.413	0.883	0.655	1.19
SGCE	0.032	1.19	1.015	1.397
CACNG4	0.33	1.059	0.943	1.19
FBXO27	0.253	1.101	0.933	1.298
PAQR7	0.049	1.264	1.001	1.596
IL6	0.613	1.033	0.912	1.17
SYDE1	0.196	1.147	0.932	1.412
KLHDC8B	0.143	1.189	0.943	1.499
P2RY14	0.238	1.111	0.933	1.325
MMRN1	0.13	1.141	0.962	1.352
GSTT2B	0.77	1.026	0.865	1.216
IGFBP4	0.389	1.071	0.917	1.25
SH3RF3	0.697	1.044	0.841	1.296
MMP24	0.783	1.028	0.843	1.254
ACTB	0.205	1.232	0.892	1.701
PCP4L1	0.542	1.042	0.913	1.188
COL13A1	0.981	1.004	0.715	1.411
CEBPD	0.099	1.222	0.963	1.551
NCS1	0.967	0.997	0.852	1.166
IGSF9B	0.748	0.974	0.831	1.142
SAMD14	0.395	1.17	0.815	1.68
CTSF	0.146	1.12	0.961	1.306
TMEM91	0.06	1.472	0.984	2.204
ITGB3	0.168	1.167	0.937	1.454
CYP20A1	0.369	0.841	0.576	1.227
CITED2	0.121	1.208	0.951	1.534
LMOD1	0.268	1.052	0.961	1.152
ADCY9	0.481	1.094	0.853	1.402
GFOD1	0.347	1.127	0.878	1.447
AOC3	0.3	1.067	0.944	1.207
PCOLCE2	0.008	1.274	1.065	1.523
TIE1	0.297	1.127	0.9	1.412
VASN	0.275	1.12	0.914	1.372
THBS2	0.172	1.084	0.966	1.216
SOD3	0.397	1.062	0.924	1.221
TRIM6	0.016	1.427	1.068	1.906
CLEC1A	0.72	1.062	0.765	1.474
ENAH	0.471	1.079	0.877	1.327
CD99	0.4	1.124	0.856	1.477
STARD8	0.047	1.311	1.004	1.713
TWIST2	0.65	1.038	0.884	1.219
IFFO1	0.87	1.023	0.78	1.341
ZNF853	0.271	1.089	0.935	1.269
FHOD3	0.646	1.054	0.843	1.316
SPINT1	0.614	1.05	0.869	1.268
SGTB	0.681	1.066	0.786	1.445
LGI2	0.772	0.976	0.831	1.147
FZD7	0.002	1.286	1.096	1.509
CPED1	0.36	1.066	0.93	1.221
TPSAB1	0.849	1.013	0.89	1.152
SELP	0.451	1.059	0.912	1.23
NOX4	0.018	1.427	1.064	1.914
TPST1	0.272	1.122	0.914	1.377
SOGA1	0.478	1.069	0.889	1.286
TNN	0.122	1.162	0.961	1.405
PRNP	0.141	1.159	0.953	1.409
ZNF329	0.856	0.978	0.771	1.241
EFR3B	0.42	0.895	0.683	1.173
FOXF1	0.769	1.024	0.873	1.202
DUSP19	0.693	0.939	0.687	1.284
TIMP1	0.293	1.107	0.916	1.339
