Tag	T cells	CD8 T cells	Cytotoxic lymphocytes	B lineage	NK cells	Monocytic lineage	Myeloid dendritic cells	Neutrophils	Endothelial cells	Fibroblasts
TCGA-3M-AB46-01	1.06226929199683	0.67584403180472	0.487826998544298	0.39735176121367	0.120933930699847	1.80385277409149	0.66218913940797	1.5288428936387	2.00283626869178	5.92390452283389
TCGA-B7-5818-01	2.39594338015283	2.80957426898549	1.59451848400535	0.714660540632547	0.386746287511169	3.7330101591591	1.36298942971649	1.88763819385592	2.24018922768353	6.44721297296503
TCGA-B7-A5TI-01	1.83636723104535	1.3920373382794	1.11956671114484	2.31762919761174	0.381798087770664	3.18141640458499	1.1238636810275	1.36687213855954	3.66056886119416	7.3775064729747
TCGA-B7-A5TJ-01	1.13974395243993	0.519767207446684	0.561455261991029	0.641929511207469	0.101198359919834	2.12787431595694	0.812360543038569	1.53836212663703	2.53520544160684	6.14919699121123
TCGA-B7-A5TK-01	3.25051572883388	4.84988310393773	3.09960707176858	1.11290533408651	1.35934135093227	4.33690756928906	1.98694178005802	1.72731256647166	2.91498288015438	7.73072539224088
TCGA-B7-A5TN-01	1.69629265609133	1.29874538172356	0.928785747382865	0.972342285755532	0.2355514430399	3.25785768510278	0.812291210894377	1.85893784700124	3.00154907838324	8.5027255194068
TCGA-BR-4187-01	2.19462892856348	3.13598178193464	1.53287166925057	2.51969170939568	0.486855300473511	4.49359563533595	2.50534548148025	2.75352414707628	3.60173073681841	8.80864195866593
TCGA-BR-4191-01	2.8935048056255	2.89898682626658	1.96557679539354	2.63561831472972	0.876480452218104	5.06264787558214	3.5956547684548	2.48034491508083	3.70014404688906	7.03616779891392
TCGA-BR-4201-01	2.41566573407807	1.10819107200523	1.9595498302782	2.3706826382065	1.14660381017891	4.23331600384108	1.84659301173641	2.87561555854453	3.13609173495364	8.36910576013106
TCGA-BR-4253-01	3.84574132468399	4.66464321678525	3.83376687726381	1.83180804248957	1.12144226245437	5.47853213062868	2.15935196102176	2.26524331449834	2.76350548242738	5.81940724559223
TCGA-BR-4256-01	2.87160142048186	3.39717446507376	2.25568746685241	1.94989567710948	0.800194152435948	4.87988500558749	1.84160663132315	3.1779487838111	3.68880728373912	8.50383187491169
TCGA-BR-4257-01	2.17850589588253	2.53759114352091	1.76127067513665	0.887706682160938	0.488937037002594	4.11128299856302	2.05166535019935	2.301257952452	2.63852991879943	7.46602851145502
TCGA-BR-4267-01	1.56180446316095	1.36264969375886	0.878799628082735	1.80343784771439	0.279408703323804	3.47270543538509	1.41769926056392	2.64699786131059	2.4904228223949	6.14886948704721
TCGA-BR-4279-01	2.24776629273176	3.48740125520373	2.1074301788228	1.47096774773036	0.964122396113669	4.07995809603359	2.35064867714636	2.48597900987149	3.52382551513981	8.43032699227625
TCGA-BR-4280-01	2.29256887460358	2.08933881400357	1.65655825806451	0.997274110688158	0.463328768053215	3.29738134256651	1.10954473628003	2.01953228253223	2.09589718026266	5.53880131959695
TCGA-BR-6452-01	2.60986612954447	2.28355770359181	2.32540010328444	1.6453121594899	0.943912167585965	3.85536946664255	2.18640560848785	1.91980326687808	2.88800052748673	7.34637249936161
TCGA-BR-6453-01	3.09304420622281	3.081540599772	1.40439162013548	5.84064725074376	0.349885320925094	3.39528411285647	2.84143475430422	1.47479615258052	3.11495627775989	6.96041433516651
TCGA-BR-6455-01	2.65490497199072	3.95206919742538	1.96910276423965	1.92668424197637	1.10832681468524	4.18267947726848	2.70353656746904	1.95662193203275	3.10427358621033	7.05300450466447
TCGA-BR-6456-01	2.68508310167137	2.49721612364321	1.61329984445178	2.36147931445746	0.469032547675652	3.88125642934674	1.95965876712884	2.39744784471454	3.84992042072535	8.73426035567225
TCGA-BR-6457-01	2.27396482164502	2.66328441550713	1.58183263685459	3.3904250662904	0.528211491615209	3.08721194109686	2.41434197811308	1.8280426505177	3.81240862718454	9.05565118185158
TCGA-BR-6458-01	2.96477107987212	2.96439343897043	2.01009245837925	2.36669380515399	0.737809403706374	4.31400554179407	2.0312566402307	1.82269631319139	3.45117034363213	7.96836761562498
TCGA-BR-6563-01	2.77427527944764	4.08402427657267	1.94967833916655	4.04765239706143	0.53196304271449	3.44294932364155	2.31814024367294	1.68116994624858	3.17033278406822	8.03771892350165
TCGA-BR-6564-01	2.41385609340304	2.445087463088	1.40440888424539	2.2546571276492	0.255257224537829	2.89984876230913	1.99230074009802	1.59054634141207	3.73018463777041	8.66520763233508
TCGA-BR-6565-01	2.74064820180304	2.85504973927627	2.00802073211108	2.57905935155995	0.646224457195935	3.86343902348427	1.42575511306255	1.70952850165164	2.97376057261948	7.65650568938578
TCGA-BR-6566-01	1.71166051066082	1.84566957328167	1.49676745248129	1.15247483543996	0.853654318401108	3.10125607610805	1.12642426049378	1.26494734769632	1.9019658246683	7.69919567832289
TCGA-BR-6705-01	2.19368796919468	1.93592336659414	1.60227610170049	2.56286224275004	0.535027297054175	3.06488475154925	2.19319795434839	2.28965347761398	4.63205782145696	9.09688803255026
TCGA-BR-6707-01	2.69232146790397	4.34390172263976	2.30441896065888	1.64563725203301	0.858224373631035	3.44488661941353	1.0742770823131	1.61605098906048	2.5529632679536	5.98394422241292
TCGA-BR-6709-01	3.34906556172701	4.65822295278313	2.3734526131136	2.79711285187795	0.834624812767061	4.98438537069211	1.97749439155435	1.99609162613731	2.77616986544709	7.15441658587835
TCGA-BR-6710-01	1.68558257007111	1.76972300038846	0.869982108658369	1.01620859105218	0.393643602237562	1.65871212717256	0.774586355238385	1.89264952609726	2.60304354072282	5.80357013683066
TCGA-BR-6801-01	1.06684789919336	0.797133481433999	0.737421538206167	0.463692848328737	0.116351515006419	1.88371863567857	0.583658468423845	1.79425901773678	2.41356931040656	7.1635027031454
TCGA-BR-6802-01	2.7385768101504	3.42200598269136	2.67734682512401	2.88191559442947	1.2303490420867	3.7139822638052	1.56075764975958	2.26926473757691	2.93574950211109	7.11810000903543
TCGA-BR-6803-01	2.60812016658431	3.39061202325337	1.88403213242987	3.12809202334648	0.514718667057357	3.1984711368405	2.25739573069715	1.6585202471577	3.75461513699784	8.15688921535244
TCGA-BR-6852-01	3.40355286432366	5.08857688027883	3.45570073796349	2.38156385539243	1.43576204353513	4.30219258626178	1.82253650049293	1.77334462888735	2.83054492614749	7.3248244394798
TCGA-BR-7196-01	2.63420665570196	3.64304557447345	2.21248163251289	3.04385505752343	1.10529180219633	3.86799065725654	2.23965584217803	1.86088961085668	4.16766500940114	8.53845950420287
TCGA-BR-7197-01	1.37896494001169	0.522053377651683	0.432268999676844	0.794333315115455	0.178229551261908	1.96383245277562	0.801050233693686	1.40736369509087	2.67026461189816	6.86466702473744
TCGA-BR-7704-01	3.60270975427715	3.35577133539944	2.4047635689465	2.69789023161777	0.783304191508559	3.49866776583539	3.27286734957505	1.6264720800943	2.66584103671573	6.77078063664143
TCGA-BR-7707-01	1.79824500103643	1.82658543234291	1.76107854036315	0.974783928546459	0.841722286081549	2.57304018296003	0.788269657758332	2.04965626749974	2.49624438494492	7.10670903328895
TCGA-BR-7715-01	1.44396670288261	0.853253514513784	0.645522368323256	0.415309084832372	0.152833653508039	2.69487346728	0.911926074221347	1.46013073142022	3.05026988712086	7.64628077516244
TCGA-BR-7716-01	3.35585870374724	5.65447488256379	2.2604018488091	2.55036872866778	0.623341959762878	4.3213695761183	2.09157486447485	1.97177612463114	2.99183156832403	7.16306560524051
TCGA-BR-7717-01	1.06598222256346	2.50970788689967	0.771647089198034	1.97053652981421	0.145204866079064	1.83490193181973	0.829142601670775	1.4972305221162	2.71801529346208	7.05313285987915
TCGA-BR-7722-01	1.740491726014	1.23518640698221	0.836315960779656	1.60883979141043	0.373811102775529	2.74208600694372	1.42749895768468	1.70619112904145	2.73271059165329	6.68186016036528
TCGA-BR-7723-01	2.64617245639736	4.66383894047606	1.74964162850923	2.20265836486545	0.574864168874733	3.73983806518836	1.89964124303726	1.59674832348862	3.07182449023133	6.86961257257564
TCGA-BR-7851-01	2.48150282827557	2.17831462367981	1.75403665336362	2.69872379308416	0.925027925258282	3.47901453488416	1.33033084061263	1.80770599749013	3.04486887353318	7.74936660060697
TCGA-BR-7901-01	2.39712761589623	2.29134233159548	1.46755954459166	1.93289701517895	0.411892367092423	3.68421840013962	2.37581627554496	2.41891665002078	3.60467333530478	7.8969573106097
TCGA-BR-7957-01	1.89434400633235	2.07990399692839	1.446103671395	1.20473513598081	0.428798396041323	3.35990071663352	2.22427286638686	2.77855636793183	4.28803832987492	9.04972900448985
TCGA-BR-7958-01	3.58589228013422	4.92530179474206	2.81032043013826	1.91680376317121	0.873978946230032	4.44835786058551	3.41608677493408	1.72071346723318	2.96334348886379	7.52865999935428
TCGA-BR-7959-01	1.68433930184826	2.52188816728985	0.952521765529505	1.37648026671271	0.275187212071043	3.75109261234336	1.30471375597417	2.17315025675372	3.68923046767366	8.46091095834011
TCGA-BR-8058-01	3.45627640281561	3.32764745012063	2.38581935346021	3.9191310450828	0.647610205256447	4.37082217942287	2.9478250194654	2.6543267792137	3.30225527664424	7.5641360594919
TCGA-BR-8059-01	1.39026984396989	1.09503168470767	1.11533472866751	1.02251614439455	0.413742271853383	2.32048354704862	0.824312271261091	1.99211528409253	3.19453013051725	8.5018406712036
TCGA-BR-8060-01	2.24755750768691	1.47479102430617	1.57480189475736	2.5531308376341	0.717958075628433	4.00924843200821	2.2233576730228	2.1386928420077	3.59590416037104	7.63586996906939
TCGA-BR-8077-01	2.44031016347584	5.24442314874476	1.60379953637541	1.56572963526328	0.528019197748668	3.22925920969691	2.26453027987641	1.78122964529765	2.87392753184511	5.9524970828007
TCGA-BR-8080-01	2.5559830154682	2.1709811591994	1.90849315632985	3.808560281327	0.692140671055276	3.83102155099078	2.15231246844269	2.09063262849085	3.97987629914967	8.55080964719818
TCGA-BR-8081-01	3.07640964336839	2.95623084425829	2.04632725872703	3.68125008384131	0.686571708909067	4.29963512866411	1.91110478604078	1.81038072071633	2.95493348006124	7.52367491901556
TCGA-BR-8284-01	3.37467585817977	4.42339850603708	2.84968059637493	2.55247697779277	0.806151948605853	4.23181378480625	2.37044868848943	2.03437679647503	3.48216445604993	7.63756329271077
TCGA-BR-8286-01	2.0538610153521	2.19576330728376	1.46362512533744	1.42614966058983	0.579582949016716	3.32172009677431	2.5317126194688	1.61085450963437	3.41297475676094	6.81607672975768
TCGA-BR-8289-01	1.53736646742861	1.81724636331329	0.880321968993021	1.71141830561636	0.270443792580757	3.30169876155579	1.29022995064551	1.29822800979315	2.77448448320197	7.48793832839705
TCGA-BR-8291-01	2.56385115871253	2.95050657872606	1.9457044450342	1.89368697657124	0.858827216787086	4.31858822459518	3.19559280538809	2.01691606467543	4.0535768437134	8.61450078932144
TCGA-BR-8295-01	1.06019950660677	1.03708955233873	0.968005368571752	2.09099626982152	0.502020712206243	1.84903629647145	0.766825772620577	1.55634863581924	2.6633185500807	5.17691071514224
TCGA-BR-8296-01	3.13298881212294	2.57221280566376	1.60950848622395	5.10805593483861	1.00605993885184	3.38672642748717	2.19066969958464	2.07161160351783	3.29686740316151	6.53946084159459
TCGA-BR-8297-01	2.14443572128268	1.83844036968396	1.2917016780964	3.10878405983452	0.475610752586299	2.76432523030467	1.33927485712967	1.54272954294519	3.24328448657312	8.09008198332061
TCGA-BR-8361-01	2.5185235726289	3.55511183992125	2.21812194866752	1.35294121426942	1.34029529597446	2.83817324812416	0.838205268325152	1.74952811334061	2.51941393579219	5.83866139459163
TCGA-BR-8364-01	2.68919776851112	2.84720961690196	2.05081538250016	3.03773751194484	0.714689089676923	4.2286096757376	2.63424460656291	2.00762950027307	3.75488849216223	9.50803254578098
TCGA-BR-8365-01	2.77440196998322	2.87057913808611	1.63565582229721	3.26058189745854	0.419334904063041	3.49374094363048	2.17274612774522	2.01303249729767	3.98318263552793	8.50584815933469
TCGA-BR-8366-01	3.52091602608665	4.53093769930363	2.84412846287014	3.8602218537762	1.69771640555185	4.69882809760685	2.06069107862392	1.8881393567657	3.05252843738569	7.33385575586463
TCGA-BR-8367-01	1.98975994122297	1.86863219118967	1.55697771976842	1.87777836341025	0.628048143387591	3.72963992801085	2.1402829585607	2.22068493275168	3.90860465223855	8.07034303224461
TCGA-BR-8368-01	2.40151126279169	2.2945743815996	1.45273960648383	1.71987123428024	0.707622713299236	2.37308272682209	1.03355797679584	1.67141072552212	2.96156855804869	5.44491871441308
TCGA-BR-8369-01	1.69551967424706	1.54055356601006	0.882764889330029	3.12668290881155	0.612972687983383	2.33651014807366	1.20934977368751	1.76426610773406	3.25793102114271	7.30611444000757
TCGA-BR-8371-01	2.40650424867095	1.80805002960368	0.997058811311045	4.82647782321404	0.320078328548307	2.21419730104138	1.43950520667709	1.54924410384502	2.7301287918918	7.69147749155478
TCGA-BR-8372-01	2.867006005338	3.35094160275519	2.30882509130718	1.77193010588732	0.906756623209276	4.01229696388682	3.35784971590904	1.51276128542884	2.29652903371284	6.07715768248837
TCGA-BR-8373-01	2.26144239282276	2.5498758933187	1.34178589975896	1.41494414155446	0.419134490792485	3.81319727893913	2.20996260967469	2.98387605352198	3.59078986163773	7.94425430975117
TCGA-BR-8380-01	2.06799269216318	1.43637654667735	1.16126948535495	2.66023052853365	0.54695285258391	3.11693874957319	1.8607717816929	1.93341852817827	3.34918758330371	9.0108051538674
TCGA-BR-8381-01	3.47064372152894	3.73469538158727	2.28603244810852	3.32029019196777	0.794971248343072	4.07825835822318	2.31798022861323	1.61658391896225	2.76015563318306	7.00559217141933
TCGA-BR-8382-01	1.83484575885892	0.937371105529854	1.77982833380404	1.42714128549548	1.11619326454845	3.22653048870859	1.49293256519228	2.23982268643161	2.5780284122375	7.57831687844782
TCGA-BR-8384-01	2.9926077452652	3.39309728887833	2.01561033977729	2.46153018877608	0.729361269462628	3.59486212966847	2.77386858145888	1.87664050909841	3.99745999768693	8.77147028646113
TCGA-BR-8483-01	1.09473722662843	1.25650383876106	0.699666684752896	0.666916209316356	0.327040717756701	1.62205983390321	0.567367568704103	1.59906936899643	1.7984848572094	5.98254476064105
TCGA-BR-8484-01	3.33247781916508	2.79513051966002	2.04465127017127	2.88026133691399	0.513907101805169	4.2780642148987	2.36570556211096	2.26262818887807	3.24527022977718	6.76643975878679
TCGA-BR-8485-01	3.01717807561286	3.46006421902996	2.38555336206726	2.39402074523284	0.875216463955561	3.51935693609229	1.95584348582663	2.20929633621624	3.61507517217617	7.61016470450471
TCGA-BR-8487-01	1.54454231241712	1.34452602787147	1.21757444813271	0.684131794036241	0.758554140087319	2.76677298782987	1.0905013540937	1.20924814705271	1.98194608941784	5.94174171021523
TCGA-BR-8588-01	2.50082648612074	3.0247586349181	1.81220616863887	3.15402865081939	0.602739273673518	3.32478912892945	2.00478963367317	2.5063641652433	3.0577908571149	7.55770855088077
TCGA-BR-8589-01	3.37072166971137	5.04834475387031	3.11788885840583	1.04103162895544	1.4460012511358	4.19092887002992	3.25140190543057	1.7902925309294	2.64849408126943	4.80247357648209
TCGA-BR-8590-01	2.79749687803227	2.66637781523307	1.83370151083124	3.09383717392249	0.635046411685679	4.36086357100393	2.58336314954485	2.2025665484777	3.4047766164074	8.44919708321008
TCGA-BR-8591-01	2.4041477975296	1.07315141290311	1.53826239598658	2.44817676973325	0.597415353717589	3.70806345812	1.6928292893205	1.92657483836415	3.36523504665095	7.27101221016052
TCGA-BR-8592-01	2.6076335996617	2.07045201759201	1.57272176250146	3.88765809437547	0.568272921565692	3.29856527966049	2.04374258879578	2.03737457558088	3.64653874406093	8.65546616560044
TCGA-BR-8676-01	1.7440613782116	3.0784251854455	1.42379845718301	0.33060040072585	0.541681422426766	2.89908021000735	1.11354094311862	1.59026932105224	1.87956294676996	4.21747807627262
TCGA-BR-8677-01	3.186309256743	4.12254050011739	2.84843985193027	1.58327837688995	0.963194330438399	3.45542665006558	1.9489035657877	1.88045195892525	4.06216148817648	8.04991714311393
TCGA-BR-8678-01	2.24298600173024	4.94397152373387	1.46082348905279	0.896062910951585	0.690430693828535	2.80239811849709	1.09051523428012	1.8669309117745	2.78789184072652	7.04717191748715
TCGA-BR-8680-01	1.12615209008808	1.15974876670316	0.755859125958059	1.3466500284811	0.517966415533453	1.92372660449971	0.68035751068857	1.26499918112151	1.91749991209878	6.43683404700298
TCGA-BR-8682-01	2.26418272631327	1.77110503452145	1.20118109330983	2.70004041362991	0.5191764706619	3.99867758235628	2.72268382257225	2.15397201381744	3.52434046685667	7.79043103845045
TCGA-BR-8683-01	2.88269957399874	2.93666436060312	2.01212821554887	2.53116273693259	0.46962944631116	3.74140055602226	2.56472830093971	2.49006517710568	4.2565698615604	8.14719157910585
TCGA-BR-8686-01	3.26858354026167	3.89524996093673	2.56243396686384	3.56541188618318	0.784576037281808	4.01568084576977	2.46958096028265	1.99347936233963	3.76694233948811	7.22028019910198
TCGA-BR-8687-01	1.44570719112371	0.566491613255956	0.654880284968088	0.775085999848655	0.283746355543593	2.60224787443528	1.22294628573759	1.83396189235666	2.67119435513969	7.09294575179849
TCGA-BR-8690-01	2.50629502435842	3.14580502197889	2.17026948061027	1.45007728590883	0.76817642159893	3.10459431966615	1.73399834970141	1.41755202275826	1.79141755706456	6.61682929792316
TCGA-BR-A44T-01	3.57741674067477	3.08716099607097	2.11558833465132	6.64469352046741	0.941778549405612	2.83833076376059	2.76584623267696	1.42469690454283	2.35799808430498	7.10334905563125
TCGA-BR-A44U-01	0.881439063417454	0.270536582676081	0.615221107542667	0.328635410736903	0.171543931575524	1.57641440098677	0.76868760675367	1.16891601636796	2.15343095489137	6.28503901274438
TCGA-BR-A4CS-01	1.02095198137677	0.534016969581375	0.609810990128739	0.408327250243093	0.121542784090176	2.49234017064181	0.671647457547297	2.03544618437564	2.65239858248774	6.21667712371141
TCGA-BR-A4IV-01	1.73857058333676	1.14032005663266	1.31163220824309	1.98417918318052	0.548542410036713	2.79425571374881	1.9900174092045	1.86125251864154	3.70660553445547	9.71048250428972
TCGA-BR-A4J4-01	1.8957110499736	1.89360412449329	1.37457455961513	1.65631981865164	0.781558634748415	3.57566693052281	2.6214119626423	2.11819280201339	2.5391261541953	6.94924845620852
TCGA-BR-A4J5-01	1.92317468693507	1.59941939721803	1.28463439531217	2.06427501689219	0.442661576977074	3.35437642170088	1.87840049524967	1.80010342789379	3.33438803613249	8.70692409217197
TCGA-BR-A4J6-01	1.50341218971572	1.28585459672142	1.25250663082781	1.76550669487423	0.21066100271935	1.84421169526852	1.06797239921525	1.5009886941783	2.1513837361563	6.72222139934693
TCGA-BR-A4J7-01	2.83946411778423	4.48218628779498	2.41273503920456	1.60648699864038	0.964673793670259	3.41196118373878	1.83049983564386	1.61585757078423	3.06668098273954	8.24680188509237
TCGA-BR-A4J8-01	1.36636983393557	1.08901870018024	0.839071304427723	1.77224262069852	0.293253484297649	2.17293410309049	1.12013511585056	1.52528447218462	3.03860516745898	6.99912361085715
TCGA-BR-A4J9-01	2.11111067099172	1.42703124122561	0.908473728687123	3.43484926389404	0.284602958365577	2.2117537291232	1.37234135140729	1.55787457283986	3.07475632666974	8.08923291101455
TCGA-BR-A4PF-01	2.49994125765687	3.8225800523916	1.67153966074341	0.889497797894575	0.758438992202852	4.00422317265318	1.24996695508557	3.26394541538404	2.08689168620165	5.64065801786827
TCGA-BR-A4QL-01	1.26473038080297	2.09594926169399	1.0729024199917	0.487868289239405	0.238752064700127	1.5829543258792	0.509780504349014	0.963327870204311	1.23975906303765	5.05363730969735
TCGA-CD-5798-01	1.56652366527454	2.00503992554377	1.00255318732163	0.847265449232445	0.369789932081345	3.24175976079199	2.61747389551411	1.76657669683527	3.10806451098196	8.9824561961201
TCGA-CD-5799-01	0.939590793890472	0.652112375743015	0.698564495989335	0.600983477524487	0.094752516611064	2.11846148532071	0.599752058380784	1.70826195368996	2.57618124928711	6.94858850927498
TCGA-CD-5800-01	1.73267502600848	3.3871581136117	0.921759832349298	2.42956337392061	0.302267660115458	2.51957639249363	1.05456621769769	2.3168362287805	2.65926812515784	6.59911643580231
TCGA-CD-5801-01	2.95228677977264	4.79817245000051	2.48595817933857	1.34688570506578	0.719992060086185	3.2986527290549	1.43544228250705	1.36805128613212	1.71674702565569	5.66511469267533
TCGA-CD-5803-01	3.99524585689663	4.75111846752877	2.64716662316913	4.56670042081853	0.630984873727419	4.27238632225546	3.1848156083652	1.69438338507671	4.12613528466957	8.94707595767556
TCGA-CD-5813-01	2.93526394275516	3.57333712383766	1.86133196936587	3.67912274649795	0.410935509141423	4.08523100450915	2.70388029854272	1.82859541778889	4.17496786249145	8.09292080624244
TCGA-CD-8524-01	2.1286780710412	2.8513445593927	1.63379980796139	2.13447295989756	0.421606512178403	3.15572075155617	1.37122482308244	1.94023507571615	3.37001337341585	7.39140449836051
TCGA-CD-8525-01	2.08863617577791	3.40346617183999	1.92072121541764	3.10303107272431	0.763002936492024	3.203313961559	1.22288268389619	1.71647878956279	2.63701450178032	6.44803271215769
TCGA-CD-8526-01	2.68082678405812	2.80878922147909	1.50706302192276	3.10405832901035	0.519265127504021	3.18906813685002	2.56235338383661	2.02699916123891	3.55126179568285	6.59315526126871
TCGA-CD-8527-01	1.53616943872845	2.64577833088395	1.2361241795962	0.828404621494314	0.307173201292242	3.1008815640811	0.589608595281882	1.64233109086833	2.13990188923532	6.21269180970178
TCGA-CD-8528-01	1.22593716682333	0.773279438590721	1.138754299709	0.727793021800794	0.363611871411138	3.57417217261663	1.179577949771	2.33008692150983	2.44799357640639	7.17253609156127
TCGA-CD-8529-01	3.0399767794427	2.86412890727271	2.01427658667767	4.39287152117681	0.705530423693517	4.66253818170271	2.33550982493628	2.04200867681399	3.92389775273095	7.89248971427265
TCGA-CD-8530-01	1.93967406221035	1.98708103083004	1.28182954805317	2.39958231400884	0.636451866904842	3.09122448332154	2.20037782374605	1.97383208545396	4.31585829025612	8.16706843274087
TCGA-CD-8531-01	1.55425537166812	0.937615691608725	0.801855535775502	6.3948780146893	0.137764268739365	3.51821218418615	1.61158654894592	1.46742041545768	2.54888689645409	6.90038797212875
TCGA-CD-8532-01	3.47993510309487	3.08147967594616	1.51875390218987	2.99821891636244	0.551834551032607	3.79429638246592	2.83375658888294	2.16250763004054	2.98112494973917	6.73287731225629
TCGA-CD-8533-01	1.88763398522128	1.15362825035207	0.684710238612817	1.88672289416288	0.500865073874144	2.54856662595423	1.25586002031831	2.18269630109327	2.97937141842245	6.77035948818989
TCGA-CD-8534-01	2.00047394911325	1.46285344270932	1.12318019460044	2.25163644126025	0.62056941134451	2.53518039445061	1.50173077901756	1.84020155774731	2.87989242710448	6.04526901358686
TCGA-CD-8535-01	1.30353565516021	0.158701317557063	0.813017646699398	1.6212758320671	0.305752525023414	2.32092299067116	0.670722054080899	1.68778026947744	2.63812799094473	6.55310872677615
TCGA-CD-A486-01	1.42964487328344	1.43772671014778	0.726149413777303	1.11671778410596	0.145282705516729	3.230189516806	0.649999250552078	2.53259608556472	2.41195902641704	6.79908570550363
TCGA-CD-A487-01	1.2684008534186	1.10185267860463	0.666219372918921	0.741209839803767	0.211351772235032	1.88333711336572	0.669351772644231	2.45129389031943	2.54447951178196	7.57332676399165
TCGA-CD-A489-01	2.25566188149672	2.69277127481041	1.36584573083083	3.42546154317137	0.352597497903555	2.91324101187022	1.79246512850431	1.71199995952828	2.87245083867187	7.90901938932162
TCGA-CD-A48A-01	1.29878079264297	1.22912786282077	0.917396397450065	1.10527667475889	0.481031298349425	2.65115607544393	1.01870560004958	1.55668571586994	1.80812270364217	5.80874459389753
TCGA-CD-A48C-01	1.41510164059262	2.64989948821252	0.890986002319506	1.22150959054675	0.227752228632461	2.85391342284005	1.23687613304732	1.38812595375795	2.23391906125201	6.89599614509328
TCGA-CD-A4MG-01	1.35781628258731	0.769640904720699	1.10794204979577	2.59671163719578	0.25578564513556	2.90512317361717	0.923257717991459	1.35129985428258	2.36792616321057	6.90817034969311
TCGA-CD-A4MH-01	1.72834634790029	2.49301435063544	0.733838932969894	1.56174037611749	0.234330089336929	2.50614390626787	1.74447708045467	2.18684267894669	1.94191312683064	5.77527070950757
TCGA-CG-4301-01	2.2512685757562	0.94793944656169	1.11041172465689	1.46893516328442	0.317292879501132	4.28648287765313	2.05788169595207	2.42819273189094	3.38595076645677	7.06867354500061
TCGA-CG-4305-01	3.00925742783625	3.12259756050146	2.46971516941641	2.24882644914917	1.13905268158027	4.43083173500812	2.22732529682387	2.25621820420985	2.66434014046528	7.26722665835125
TCGA-CG-4306-01	2.32300483019863	1.85037605760049	1.7102949974376	2.20471695587709	0.47500913733449	3.39046205230434	1.97371313470728	2.56648471893777	2.64497364570486	7.17637283220679
TCGA-CG-4436-01	1.69789718453313	2.36435946941459	0.620682032779951	0.596523877436598	0.15572615588064	2.47776374766444	0.987346819727847	2.73084971531608	2.05095645001875	4.86718019070492
TCGA-CG-4437-01	2.25530790551561	2.71642851984658	1.80093153757671	2.4931799357064	0.48250308396708	3.70298343848627	1.14027554728292	2.21432880651911	2.54835004718124	7.25198139507403
TCGA-CG-4438-01	2.84010962921768	2.45028039418112	2.13772341998773	1.05519958884035	0.789425842794051	4.29715036841778	1.61935326804305	1.93346123177385	2.23592664371621	6.27468459684132
TCGA-CG-4440-01	1.2044961816185	2.29503201105884	1.12242923143873	0.739882845675012	0.561141042978787	3.65183251187028	1.18893462921413	2.44717802088664	2.41924380308119	6.2044362528384
TCGA-CG-4441-01	1.69233093843167	1.42963430887842	1.63091227736364	1.09829801309394	0.615267098283447	3.70990284835657	0.879786064834839	2.78521165524897	3.03241843921404	7.5824112846264
TCGA-CG-4443-01	1.5030181941694	0.203288925764376	0.344996540796548	0.189163701782386	0.260905787829065	2.30506612805062	0.628152711869189	1.76926513973652	2.92188677629535	4.94431480264632
TCGA-CG-4444-01	2.24063859790478	1.39504784604861	1.47193456309617	2.62133933450906	0.712464891736391	3.71794207379426	1.69551394966664	2.3818834665336	3.02737866433866	6.5291456758843
TCGA-CG-4460-01	1.84890442518164	3.19720839440781	1.34317719831304	1.85760453870773	0.418937045431705	3.14442905748135	1.31802032595839	1.94638836044569	2.76768285400792	6.07788946263579
TCGA-CG-4465-01	1.87653108253426	1.09156413002187	1.56688783474941	0.829256143052519	0.659510287281035	4.39655712631391	1.53425458006266	2.53144960554574	2.65928401836574	7.05113339108439
TCGA-CG-4466-01	1.35421409501724	0.617496899697917	1.08577996926759	0.557054923617043	0.346211864396902	2.16102975737872	0.669612961311074	2.15635423538038	2.1821097254702	4.62316860412585
TCGA-CG-4469-01	1.78508285593929	0.549681754895114	0.829527610407667	0.615201141154137	0.592700331531782	3.87918111795622	1.31769478554432	2.54060923934746	2.6702708483087	5.47856640750737
TCGA-CG-4475-01	1.64707881452502	0.551777835774955	0.908646401135903	0.83918409560202	0.257866927003384	3.54529460148945	1.31258307436429	2.95408313532621	3.93013723292359	7.9931060619707
TCGA-CG-4477-01	3.67303700857156	2.67321371973404	2.17983732182188	2.58883590413344	0.971272654300316	4.13970309853699	2.57525867586313	2.85719776257869	3.03207430390727	6.41101790899499
TCGA-CG-5717-01	3.05322729180848	2.47440844956302	1.48402231463682	3.30717614911331	0.518620814357831	3.11543856082024	2.66981310250568	2.67303013911166	3.23324128610264	5.93344103442878
TCGA-CG-5718-01	1.98870226738262	1.54690630201812	1.21827041396415	1.32345334383185	0.315754485092575	3.03714861145733	0.996432050912728	2.45058033036426	2.76806257588774	6.05131319249566
TCGA-CG-5719-01	1.76773192896637	1.19088375133745	1.11756355678944	1.08385374822492	0.406302422116241	3.23323834260972	1.73480987045935	2.41395675147857	3.70962238460529	8.51973090342155
TCGA-CG-5720-01	2.13311717982026	2.05509430888534	1.22051179965439	2.04181051048993	0.685143965984995	3.32225220177685	1.53387963989283	2.56746640685291	3.18752679598803	6.85953992564144
TCGA-CG-5721-01	3.41995395746286	4.14097291859365	3.04761194382815	2.40050654289465	0.893368618556158	4.31359995077576	2.44498806749167	1.73107095712994	2.41916806969067	6.68497329289226
TCGA-CG-5722-01	3.58404342803206	4.21060059033404	2.74456163058643	3.94875324259112	1.6168892521455	3.48376975024716	2.74178807017903	1.65395286242804	3.21131407084465	6.23449287881842
TCGA-CG-5723-01	2.32507963637756	3.54810290387053	1.96425088173923	1.7246912413454	0.686601996556882	3.49892991997887	1.91921981712192	2.01222536619028	2.19884332847203	6.38533735296237
TCGA-CG-5724-01	1.44786731894262	1.69037288072865	1.03687575985422	1.05637138689746	0.353942239294909	2.96647143639136	0.892435238707226	2.04587384427149	2.28034111905331	7.13051000357602
TCGA-CG-5725-01	1.41036568297074	7.3072963844781	0.837815298457478	1.03517600020112	0.165426054490467	1.81614906881661	0.875338931811141	1.47079032530431	2.49033319581757	5.59479650126035
TCGA-CG-5726-01	1.05305635270047	0.815285111418099	0.419533160306787	0.790432799004877	0.0846140693027317	2.02239121986102	1.04045087606079	1.51498753426101	1.87881302174322	5.05629226807137
TCGA-CG-5732-01	2.48991719338452	2.94050913392224	1.32685414138178	3.75667097062522	0.491433636411149	2.97166491892191	1.79988443530456	2.83937910674612	2.42654654727518	5.18651743456159
TCGA-CG-5734-01	2.41279825209798	1.82607829287896	1.54132667341624	2.62020196927746	0.932863667463927	3.25035610373977	1.93470781122982	2.16901134590624	2.52949646984514	5.47867606597377
TCGA-D7-5577-01	2.78887150742776	4.08140070730851	2.34642032464559	1.078232267393	0.609431440491841	4.24614315650125	1.58223946205586	1.91351195709933	2.18228736292442	6.17807542783032
TCGA-D7-5578-01	2.28095225195549	2.01330143590116	1.607688745754	2.92851344786775	0.458060899697732	3.26344429680412	1.72361977303669	2.03853213632827	3.33876411296264	7.16133486106211
TCGA-D7-6519-01	1.50551532935726	2.3688235194479	1.54807237063949	0.621040424319345	0.599004210736011	2.52116409425607	1.33214397126427	1.78375157967919	2.21015484428345	6.74459482318772
TCGA-D7-6520-01	1.47368946976201	0.882993093960323	0.70123243256589	0.960140055447447	0.210805407895208	3.4368098908374	1.108535268255	1.71462610939761	2.71520493463832	7.74559473483087
TCGA-D7-6521-01	2.41475325417613	3.16500116037217	1.47508249485552	3.72346400547896	0.231446938549264	3.78763611895913	1.65957485153686	1.89493993818872	3.29518284975576	7.53274519750719
TCGA-D7-6522-01	3.43587151568479	3.97034757796229	1.98497463579047	5.18646459392958	0.588510350380422	4.48054123823925	3.33145255834079	2.07079247749356	3.666137804729	8.44174465600624
TCGA-D7-6524-01	1.92780493099017	1.15872422893166	1.05204253142407	1.75661599297084	0.271122326200989	4.02234829751906	2.41331101308158	3.31245011997985	4.20473133689909	8.83760821033328
TCGA-D7-6525-01	1.6202915761345	1.40536123248096	1.32890580589827	1.05688421145573	0.554164799010013	3.65483391267389	0.959862162402121	2.46431400663503	2.51236334032922	7.95974546024179
TCGA-D7-6526-01	1.23593150059851	1.03817050953666	0.521003927542976	1.38252549101177	0.17087563773616	2.59777143316901	0.997811405382467	2.37886580691202	2.40626815848411	6.19002883889423
TCGA-D7-6527-01	1.41939100645538	1.09425093581243	0.820212992435833	1.37167369547119	0.188128740322376	2.48914209401344	1.36954480705583	2.16491645584372	2.80274482484274	6.48871852719672
TCGA-D7-6528-01	1.38112695048961	0.469758790949578	0.798865701272638	0.650014300022266	0.377570936505693	1.82425445959211	0.471127899753557	2.05971556271603	2.34207923094161	6.28386370757065
TCGA-D7-6815-01	1.61463826757372	2.52983925412767	0.953075051383155	1.87618028711349	0.229511919327145	2.99973147811244	1.30459785357315	2.26907526012955	2.50966110285607	7.00629459744471
TCGA-D7-6818-01	1.34937973310705	0.604023093371944	0.803381291144904	2.18208278392807	0.221594949879655	4.19667228684174	2.17091572106316	2.80556436018853	3.54420001355782	8.36338877477588
TCGA-D7-6822-01	1.90120678922598	6.09569709829205	1.71785943011124	0.900392702050869	0.437895162687297	3.14322736500309	1.81399797168315	2.99941148351607	2.84321524759588	6.70277477661341
TCGA-D7-8570-01	3.08749313164682	2.7549868836849	2.41585144620527	2.35806926771751	1.22208225904564	4.70018269604292	3.02490367073115	1.48743109651399	2.71885816490438	7.18374409054588
TCGA-D7-8572-01	2.69861633050654	3.84204009989211	2.04705457861425	2.42024774553396	0.89150272835738	4.16377090324662	1.88464690452503	3.08056620603722	3.54151761218544	8.41011527470749
TCGA-D7-8573-01	1.48496758145167	1.0318449896131	0.718066485080716	1.46274035957782	0.342844096756988	2.26924238978707	1.00436844779869	1.94488922818637	2.09512107391786	5.41692756329958
TCGA-D7-8574-01	3.79620375940066	3.5195763785018	2.10006585311907	6.17184302192607	0.713899177377418	3.89282734537709	2.28097279394373	1.85454558870307	3.16151032957407	7.9311012670294
TCGA-D7-8575-01	2.36623625424369	1.75942784128417	1.25822127608135	2.55783239527137	0.634374654386847	4.24124716853499	2.10566812344715	2.62703918118549	2.60146740676935	5.98483974876654
TCGA-D7-8576-01	1.45416465573158	1.2225414600887	0.634376895327345	1.66885796239353	0.235923795519788	3.8680362652852	1.71639511533023	2.27930406042687	3.32302252821702	6.75176093943043
TCGA-D7-8578-01	1.93237140817632	2.77611098430576	1.13303418610379	2.09612378854425	0.40678215054847	3.10555884183143	1.30836415245383	2.09464234514794	2.96285036975867	8.78911109018224
TCGA-D7-8579-01	2.09238946326445	1.63196151064893	1.19312710109376	2.90960133129369	0.502623946905379	3.62208429387833	2.2816730090991	2.85247050627155	3.50263201730664	8.02594658533576
TCGA-D7-A4YU-01	3.65272046881999	3.14251448833204	2.59224594292464	4.7644632531842	0.828670338834228	4.44198126400928	2.27122378294607	2.10614738713475	3.33373873795432	7.03362398447392
TCGA-D7-A4YX-01	2.67386797592349	3.15491822870778	2.21178129319623	0.780348719201334	0.783196366675356	3.89369467189856	1.1086872584893	1.9236938802214	2.33288454447677	5.71057924157036
TCGA-D7-A4Z0-01	2.27393251800697	1.35126658344727	1.21121755120601	3.86394134233094	0.404642779756422	3.19186054494691	2.28451242116709	2.30356841504258	3.50622693515726	7.00946526562934
TCGA-D7-A6EV-01	1.55481825836211	1.46889857283513	0.648740036460706	1.32147560364225	0.150424860524084	2.45089944620582	0.859952532860903	1.96456415083067	2.27660972690255	6.15186340838976
TCGA-D7-A6EX-01	1.94900611830366	1.14433544283542	0.920359665443062	2.10744578430054	0.260549761532951	2.02261387604589	1.38745665600121	1.41861166353316	1.83106160797476	6.56707806184169
TCGA-D7-A6EY-01	3.14262992202181	3.69005438722942	2.02433707892151	5.09151673759956	0.864759245959811	3.81258754226652	2.44566188740328	2.63079353099096	2.73440270034267	7.00437710684608
TCGA-D7-A6EZ-01	2.72514362893872	3.220534434096	2.28776478704116	0.858476441969786	0.605598745842644	4.05231388265101	1.4751306361006	1.51945517915649	2.78106251879112	6.91693299007683
TCGA-D7-A6F0-01	2.82778472102397	4.06357058345338	1.70226978063724	1.79656178411587	0.716951954628699	3.74996392360048	1.80009886148447	1.91097452337501	2.63717790334565	6.07937314452986
TCGA-D7-A6F2-01	2.35995762652721	2.67552686534367	1.37406386843222	1.39744402394654	0.395692116312052	3.19624999915268	1.84160736282975	1.92652377246773	2.58946826523351	6.02719988186548
TCGA-D7-A747-01	2.65971614027035	2.38441265479037	1.48741347417498	4.27371063629379	0.607829290146507	2.97204345812385	2.0899033255385	1.65508823927172	2.28790216560724	8.23401105499801
TCGA-D7-A748-01	1.82296829721018	1.47166479772106	1.06023919395269	1.65675516857568	0.487574434833306	4.64900544732905	2.70114331092848	2.8516362486099	2.84268359669807	7.83769820176467
TCGA-D7-A74A-01	1.59275948751433	1.59039272201881	0.87854588275441	0.854571891025434	0.171162170322495	2.16679617821029	1.53460286775016	1.32733039127009	1.55813843587701	4.36814034416747
TCGA-EQ-8122-01	1.14644447311008	1.51320032713871	0.769876317764539	0.758364825576639	0.30823580368768	3.24394655270934	0.882158276293521	2.33533251580588	3.50234079786939	7.39391443179524
TCGA-F1-6874-01	2.59743316390584	2.30360884297364	2.55992861776026	0.960624729970979	1.30999242638497	3.98428102154962	1.22080174954587	3.61480031814197	3.95198293992366	7.75293098047216
TCGA-F1-6875-01	1.6627051249221	4.72837904629229	0.55577384931502	0.341850062245637	0.149837527128939	1.96102996806979	0.376690364556586	1.62761248869846	2.76585366795231	5.84096132658138
TCGA-F1-A448-01	2.25437552499903	1.24955979247026	1.67069900601509	3.53769555513741	0.610583992783895	3.68401194545433	1.86378615433859	2.50985634988702	3.48180974936641	7.15830845231626
TCGA-F1-A72C-01	2.14583892887543	2.24168288997348	1.62883461096847	2.50960590776753	0.707932695907663	2.99837673705594	0.901776577732488	1.76717916929329	2.81794302647365	7.38021684263675
TCGA-FP-7735-01	1.90347604319484	1.67233327810401	1.12671111337353	2.28159491251678	0.713893703541092	2.58363586535372	1.00314368250761	1.35528028467513	3.1379145120836	6.46617843518048
TCGA-FP-7829-01	1.11509719723706	0	0.239488691626792	1.7928215183231	0.107832474700306	3.31670758962229	1.65557222050538	2.05829260785595	3.07858784180122	7.6211020883079
TCGA-FP-7916-01	3.36682596629935	3.73350467221308	2.45963784563222	3.47042529405496	0.972169137609897	4.64231821960441	1.99335073805322	1.73315916471228	3.41407775160505	7.26654684510651
TCGA-FP-7998-01	3.8932010596992	5.68283574714588	3.10743091787907	3.44746047621057	1.10284132683458	5.28934042711957	2.40786169957857	1.78143091044431	3.54584379131511	7.63394611408094
TCGA-FP-8099-01	1.64244339368409	0.42247966062162	0.894083368992824	1.46354703757539	0.493370230216269	3.52070840791701	0.863408259029896	2.4038131121718	2.49143139054418	7.18250100153909
TCGA-FP-8209-01	3.94625570768954	3.84813130099356	2.49042399445336	5.9298014067247	0.801854282599796	3.99235766713941	3.80790948972375	2.61130896269457	4.05242897474113	8.85112499849878
TCGA-FP-8210-01	3.76138348054143	3.78368108717459	2.1291323974097	5.59812068502872	0.975685574941863	4.13417118995269	3.33058354402664	2.6815580367465	4.01365564040368	8.61893947326774
TCGA-FP-8211-01	2.16249808833368	2.24816074717001	1.22156544978116	1.42730052234922	0.286950962349012	2.32647905117885	1.15214204647399	1.72882217471041	2.32868067020141	5.27442914585751
TCGA-FP-8631-01	1.64402514846105	0.737495702717126	0.534724469482563	1.43390010020437	0.533446229808705	2.77858398811015	0.920464946730075	2.21299652063379	2.97291018120551	7.35342093118039
TCGA-FP-A4BF-01	3.20018340142221	3.59405275395756	3.03370445898139	2.04925500461864	1.80421454152206	4.13668241180356	1.7836533873177	1.54477245162882	2.42522909251912	7.68390375958652
TCGA-FP-A8CX-01	2.29772144405297	1.66198014606609	0.89835339389626	1.93066470243411	0.292734701869654	2.753635931083	1.45867058392366	1.85218668911732	2.29786100523743	5.7610199092391
TCGA-FP-A9TM-01	2.68739830402971	1.47332134553728	1.2019068174805	6.15979370573167	0.503134452390117	2.74946166398158	1.63260436950338	1.96810497798917	2.43362656519462	4.9882692284282
TCGA-HF-7132-01	3.36713367483031	2.93907805260772	2.22013266684092	4.01729148515688	0.908898140223344	4.01216373880184	2.41355474450935	2.36623728497074	3.20875303864463	7.21079755750027
TCGA-HF-7133-01	2.66318132411146	3.10112077818306	1.6912398531803	2.36437754613779	0.625452327207326	4.34149152604095	2.44566639719847	2.56265793954191	3.23133074598407	6.84219602460897
TCGA-HF-7134-01	1.67543370623893	1.09770131135243	1.12394543630338	1.66997612280478	0.575202280834448	3.04653859332931	0.955944088135733	2.39710678760942	3.86697368476223	6.09461464416773
TCGA-HF-A5NB-01	2.00316885456806	1.85360817081182	1.3560542706855	0.655936005672647	0.388841128217251	2.50924928109111	0.505367629554696	1.64685656849141	2.13509730125003	5.54230030640852
TCGA-HJ-7597-01	2.58517727819094	3.3058181886837	2.37384461309339	2.89962550863409	1.31384978192617	2.56725211953204	1.15463044491391	2.36823426406107	2.48973749407856	6.20648905093511
TCGA-HU-8238-01	1.65061061686671	1.38710332675364	0.825554148225797	2.28498821157283	0.559967841252343	2.73693936398888	0.986841708401551	1.78554256087662	2.44740727506532	5.54911180026607
TCGA-HU-8244-01	1.19816791154681	0.942387301872227	0.465043586421229	0.873964772737721	0.420632741063295	1.50953580735153	0.606120327150621	1.5453423843369	1.73961533869116	3.21901254608753
TCGA-HU-8249-01	2.5455757455344	2.45078963504207	1.60488449705062	1.34932617364552	0.513242619086963	2.22450429064638	0.966664371320795	1.75600545718392	2.66374557626269	5.70509480888736
TCGA-HU-8602-01	2.87031572713638	1.86404543399059	2.14200924591314	0.8592483336593	0.968212644134332	4.63903940054147	1.27112625033749	2.62066409129274	2.97816543764737	6.98769778608851
TCGA-HU-8604-01	3.19946244740975	3.24445157995029	2.8329747492459	2.03222982648908	1.69083676430368	3.89973653011249	1.18526892027582	2.18612346288256	3.14918954183067	7.35708988299304
TCGA-HU-8608-01	4.00941064422151	4.42207378039265	3.35595381051796	3.15545003004038	1.29729860661446	5.38204635335044	1.75556659355217	2.65698446947665	3.5141181860141	6.48249575546913
TCGA-HU-8610-01	3.28565284880378	0.657483368851094	1.86080642928392	1.50063373467687	0.521026417970811	4.26198446350451	2.01118450970279	2.17719528657248	3.9840721348065	7.09105943124459
TCGA-HU-A4G2-01	1.72114896837894	2.4097864752349	1.42423946256417	0.749329617046696	0.723162384472826	2.863873145185	1.41311815669224	1.51398375757569	3.54909470450554	5.67632585117259
TCGA-HU-A4G3-01	0.991247839710128	0.792499416361765	0.782402682484121	1.27457011838022	0.31481670892016	2.21356949550986	0.869110519332993	1.74320372114356	2.53367837187088	5.61058420045997
TCGA-HU-A4G8-01	2.46117121057318	1.87186483006548	1.70924838138136	3.96540034038288	0.590697981736948	3.18868564074594	1.08142017450342	1.70587856985844	2.65092354502617	5.97197105431822
TCGA-HU-A4G9-01	0.829650958000224	0.172786023101946	0.455118054391597	0.753992135468994	0.0934052990033176	1.4705705372584	0.358164072044555	1.53848635777226	1.62445605609957	3.75437435039727
TCGA-HU-A4GC-01	1.50477589970745	1.88777992199269	1.11614016392277	1.26111917022279	0.42370817956211	2.58368206354748	1.15798528932749	1.79969698432794	2.52757434376596	5.82577870425546
TCGA-HU-A4GD-01	1.71292640639091	2.5493331477234	1.14812388993008	1.56381867153599	1.1169391800986	2.01533410197151	1.35473662611938	1.89671238606038	1.95625991882047	4.14108399887413
TCGA-HU-A4GF-01	2.10531984846131	2.9967554715479	1.3575093287109	1.08857964979984	0.437264640907454	3.04715628805173	1.14921034029064	2.96866524948445	3.25837655942251	5.38523054241595
TCGA-HU-A4GH-01	1.40002817711214	1.31735801363449	0.920331358439926	1.45261211885337	0.586001005596729	2.21615007536036	0.994579414423503	2.42377231036726	1.87008860173096	3.78429416492207
TCGA-HU-A4GJ-01	4.3612858662117	3.96577148262347	2.23579130146983	7.39039810854414	0.582654329328324	3.4290563876282	2.35847117781754	1.76055276850897	2.90116844294132	5.832090683298
TCGA-HU-A4GP-01	1.16755340909104	1.31064257501708	0.592475527178813	2.04245723804508	0.344716898945338	2.09627848884466	1.03871229475209	1.36862071633392	2.97121958775966	5.5114280418888
TCGA-HU-A4GQ-01	1.69907528530953	1.58146243813767	1.23894024471731	0.588959638404945	0.393128636807684	2.83591033524945	0.939888847697271	1.54908732424728	2.18346659404103	7.23289908257202
TCGA-HU-A4GT-01	1.52600053456258	1.67346346200751	0.747834245808752	1.0561570375976	0.277849651195978	2.28394240590913	0.868250648267348	1.81676343092285	2.16914597453034	5.47638110963038
TCGA-HU-A4GU-01	1.84816958705515	0.880999031198488	1.0414305470979	0.212986353672605	0.235440452847848	2.13529165245405	0.410088512231937	1.7541442152125	2.06461502010487	6.26441289673083
TCGA-HU-A4GX-01	2.48697849079282	3.85043528255291	2.06508215332745	1.74988921436688	0.755870988454133	2.62829535023512	0.797392525655238	1.24666055772536	1.90076796584776	5.16922712796795
TCGA-HU-A4GY-01	3.98909180408137	2.94612908381857	2.21289820889641	5.67731934268439	0.669669445364832	4.63343352027135	3.15166369355504	1.65647382664187	3.25278338900456	7.45196823446483
TCGA-HU-A4H0-01	2.94027259205217	3.02644326236329	2.19327574811161	1.05880522588538	0.691719411563925	3.9896795048476	1.39781163689506	1.50876417963628	2.52081796615063	5.36712693512222
TCGA-HU-A4H2-01	1.72678401636196	1.57495516797579	1.09684496606496	2.29823124827403	0.35256417582599	2.3546298994216	1.26958012444002	1.43030793081884	1.70425596081981	5.3692521846188
TCGA-HU-A4H3-01	1.92888294358168	1.86796356022616	1.58228262037366	0.910278087560288	0.751277630797883	2.13946012209565	0.632870159092287	1.66077873643774	2.09445489305002	6.26688974544447
TCGA-HU-A4H4-01	2.86458466659237	2.84904302267371	2.22420329643721	2.63286762705934	0.637438271028679	3.46369345819058	1.61601724859806	1.75070538781467	2.84939515990393	5.90770071708008
TCGA-HU-A4H5-01	1.73439497835064	1.22933117055323	1.28631404051034	1.59563291204481	0.612801821438885	2.64797270881197	0.886403799347806	2.40505167801948	2.92075491823561	5.49480781023577
TCGA-HU-A4H6-01	1.84444409155682	1.44306039556112	0.938077693607291	3.84148032751453	0.477183467023343	2.31252684356432	1.22208809278678	2.08954656405332	2.87685837177088	5.69358090643237
TCGA-HU-A4H8-01	1.42402340431537	1.06200468773482	1.0846267532841	1.0094040017045	0.410999084301785	2.16553908945694	0.998764172149899	1.50416524857137	2.19149063793569	4.85101055907631
TCGA-HU-A4HB-01	3.45254417661586	3.1614529505528	1.77175192514513	6.11093994290364	0.767015957198815	3.59885064678272	2.5169390266053	1.93613553394446	2.67454022077692	5.70551497458691
TCGA-HU-A4HD-01	1.3593165955047	3.28651652884936	0.620221984081425	0.949537163756115	0.185084942111506	3.02555799928927	1.10924002556705	2.06033854432866	2.61745426143912	6.38988651563314
TCGA-IN-7806-01	1.96898398566328	0.795244095178898	0.480986247453699	2.10901436958736	0.333723297946801	2.24815391438912	1.13232933467456	1.93374438106325	2.93481353420184	5.96807773524669
TCGA-IN-7808-01	4.2523395110079	4.11204553626608	2.18949346948779	6.30928486767023	1.24972208103315	3.08824458981761	2.61248291491169	1.44858537271412	2.61707207604638	5.27421901939835
TCGA-IN-8462-01	2.07266219654518	1.06008778439153	0.792692617865997	1.33066799123059	0.576165154306501	2.18926879285804	1.70938314199501	1.88455509223899	2.62693074664214	6.45436183587858
TCGA-IN-8663-01	1.32272741365769	0.820867188831984	0.717027051748422	0.491192040211438	0.416990689983451	2.99445473167011	0.846525988642442	2.24718027836321	2.53352865459867	6.50556513786
TCGA-IN-A6RI-01	1.40364957663188	0.872450541292909	0.710439917838328	0.636883979924136	0.142564580913089	1.6788200625131	0.782442681960661	2.20031991891708	2.23286099275263	4.66056698927692
TCGA-IN-A6RJ-01	1.87408237557668	1.00817090310989	0.726441837962938	1.0483299543163	0.468990122682847	1.48312412857792	1.3690284685115	2.06617845920001	1.7774534375132	4.14548331697746
TCGA-IN-A6RL-01	1.96466504107905	1.1562783901764	0.964147712791976	2.06855449464427	0.272014978829224	2.52637492489671	1.37051060534813	2.11254918426674	2.67816572243351	5.93464723833594
TCGA-IN-A6RN-01	1.54452961986683	0.710518530612018	0.609691707749168	0.97746106618253	0.244479020344865	1.34437312640112	1.10125730692649	1.81374608933009	2.25953760296681	5.6163303218789
TCGA-IN-A6RR-01	1.47420058663019	1.36275454838311	0.997070888746408	1.14910682955291	0.490277301751461	1.97201012146703	0.98671684564273	1.78926712966477	2.61215057522573	4.96049261425055
TCGA-IN-A6RS-01	2.32897897010243	2.33023314943648	1.6744986420236	1.06792801784974	0.163671658066446	2.62663046370551	0.796970609094444	2.11438935724157	2.91194546575293	5.59090980356302
TCGA-IN-A7NR-01	2.5151630171175	2.21524076423581	1.05828128688	2.85099386602227	0.349686036291584	2.0546088129135	1.41734415542116	1.93878884712799	2.50525724525452	5.86188546612691
TCGA-IN-A7NT-01	1.65306080560722	0.174637117395694	1.47438278862589	0.642113601537699	0.468063409102235	3.18280985596309	0.57319657086684	2.03905055314674	2.23657346405771	7.40511310705396
TCGA-IN-A7NU-01	2.19389232355551	1.50158618486388	1.16157992867487	1.15783616225232	0.384885694536762	2.73426747191201	1.70113209337964	2.12066283144401	2.35269835607402	6.92034569931972
TCGA-IN-AB1V-01	2.29663517889931	1.53817690418569	1.1379172095375	2.56668497997875	0.935538101480191	1.57730620794818	1.08670977699242	2.65076075780817	2.31813631149394	4.9371987290776
TCGA-IN-AB1X-01	3.84963950622878	4.03763183277804	2.7493142724776	2.87910509107514	1.12797419292984	3.54740734738925	1.39821038206551	2.8014798523568	2.86278325622675	5.83662580592858
TCGA-IP-7968-01	2.70337112474026	3.02416747730416	2.21117645220943	1.54186158010078	0.694196856277784	3.31317903957985	0.986070447384268	2.24922817016868	3.94908074737798	7.67965463169203
TCGA-KB-A6F7-01	2.96526721226491	3.88791634863581	2.21444944749691	2.00907306943971	0.96208624454482	3.63655681977084	1.95253089739388	2.11462650018571	2.4900459155999	4.72608742683436
TCGA-KB-A93G-01	1.97148604616738	0.561037856054261	1.14410320274895	1.34121878847122	0.725969448348872	3.7254676409494	1.66034961243748	3.72211652290898	4.44930171295542	9.91207279427115
TCGA-KB-A93H-01	1.4167600966647	5.39646896220387	0.592573956345391	0.505305657930305	0.0887237851842867	2.18992752602787	0.487084990419811	1.4579550122226	1.83208106097387	4.03089348037879
TCGA-KB-A93J-01	2.50861171021483	1.98182996550828	1.98018429017186	1.49428696466532	1.44004625550627	4.21482343395032	2.00733813305812	2.33981293401867	2.68231531559709	5.73574056428817
TCGA-MX-A5UG-01	3.62148319972098	3.04952333038714	2.0472878005344	5.79812770678651	0.79603735971864	4.25021761910142	2.9005429597668	2.82158769629007	4.22647140340955	9.15523498193627
TCGA-MX-A5UJ-01	1.89080459013344	1.60499517622862	1.30519698365826	3.03913152355522	0.285897044828088	2.67359704547952	1.137516374391	1.93574356562268	3.40475684504035	7.68795101878482
TCGA-MX-A663-01	1.91509136112174	2.22264946260842	1.31698426051121	2.03873305989607	0.571094369892186	3.0762815094799	1.49157933764386	2.17397353664504	4.09816047018478	8.46434563233508
TCGA-MX-A666-01	2.47410040067614	4.08784751342345	0.996296596505665	5.22099448698548	0.565224392213487	2.74307666017248	1.46965036013198	2.68065005807884	3.28713619311803	5.99743074624776
TCGA-R5-A7O7-01	2.06390700257376	1.03268010784751	0.818108525241047	1.34319075677242	0.344532128013019	1.73870982984251	0.727197187254819	1.61061713405653	2.7195011424888	5.56564588786585
TCGA-R5-A7ZE-01	1.30475541366457	2.48043157011228	0.329081730336352	0.412485754022478	0.206850387914174	1.65634994238828	0.961397526721771	2.37675176888333	2.57423467091252	4.72026778365346
TCGA-R5-A7ZF-01	1.41711295296344	0.71776630199076	0.845218144800599	0.756342597212487	0.43875148594755	1.1620327869942	0.540617473148408	1.61781781607496	2.3740879258483	5.12746481031015
TCGA-R5-A7ZI-01	2.49010805722546	3.75693022804028	1.97349721048518	1.98349495837657	0.644834896521659	3.08958183291399	0.974606807153921	1.15839242321813	1.71570047012357	4.32173805356948
TCGA-R5-A7ZR-01	1.33547478644741	2.87296923870647	0.754877695890356	1.27415354671562	0.17043166665913	2.35772112534471	0.97689628453739	1.7253931974	1.93259461444816	4.32762748102165
TCGA-R5-A805-01	2.24415399081344	1.60743175641204	1.21797791226415	1.22202012632882	0.381923041673384	3.86854102029058	1.08681345775331	3.37375886928549	3.16464446122441	6.84535626601405
TCGA-RD-A7BS-01	2.62464371001556	1.79247251902517	1.51315815648798	3.90708590970013	1.16071586454165	2.68498144621298	1.68401036510357	2.30727226600612	2.97332961386917	6.54899595618657
TCGA-RD-A7BT-01	2.06856741670181	1.86169142682284	0.955837558511377	1.14666054612778	0.11855275958199	2.20169102601494	1.36681009441942	2.16720960390672	2.14164894123737	4.8225822557819
TCGA-RD-A7BW-01	3.26937156109522	4.49992301633174	2.69932947203432	1.44650284512158	0.715687228471202	3.81730998047589	2.53571746947223	1.89201894772738	3.48892813829404	8.30293768060373
TCGA-RD-A7C1-01	2.43142050466318	3.41256465616989	2.13264370937659	1.924933537999	1.40753940708594	3.60224431808342	1.79684281868416	2.44006192708401	2.61852762128148	5.72755457744815
TCGA-RD-A8MV-01	2.81026509152061	2.66362874903927	2.16522870605941	3.64529802018463	1.11467026104898	3.68945035029454	1.46226382009584	2.77773699297288	2.68566076908747	5.56348355721219
TCGA-RD-A8MW-01	2.41499398553599	3.43112707097484	1.29624751377818	2.01555662106704	0.401775522181648	3.89532378559835	1.9278315537613	1.80635946359685	2.72957118495247	7.53765464173651
TCGA-RD-A8N0-01	3.39152650606532	3.47647459374747	2.35844040960905	5.49158168561534	0.893928088958049	3.12303663728207	2.34732321152107	1.80416458652662	2.8541000440615	6.61460824271448
TCGA-RD-A8N1-01	3.67184578154525	3.32534540566613	2.36670117254688	4.68949861255643	1.1937097426183	3.8003106782746	2.73327809449556	2.02050211337346	2.99576533795099	6.87643933370532
TCGA-RD-A8N2-01	1.92644263134758	2.22686031570978	1.29091598100708	2.04624679249605	0.349519165546031	2.75204365890217	2.34468074264257	1.54566935762844	2.81826392385905	8.25694943934943
TCGA-RD-A8N4-01	2.46586569561587	2.6007260192238	1.457309705746	2.76105359032723	0.447850712775298	2.75466153353873	1.68071506377454	1.68954422030559	3.02104911657108	7.8710968057445
TCGA-RD-A8N5-01	1.43889289697107	0.62291313242355	1.00178059719738	0.942362816751881	0.560718977586852	3.52538232236896	1.2025746639808	3.07940337986878	3.38420521482801	8.08439004230516
TCGA-RD-A8N6-01	1.67154700920008	2.89449447858024	0.868631827981929	0.832531810242571	0.376229372595676	2.88519678184409	1.39952529039016	2.1244807302774	2.65234007321676	7.27921557755183
TCGA-RD-A8N9-01	2.46747886469943	2.53486672398036	1.45878433259521	2.55125176716371	0.556064826824633	3.60457520757516	2.19199148926281	1.61736993019869	3.90740721997243	8.35494529494111
TCGA-RD-A8NB-01	2.81530392602098	2.41704060980739	2.07825028511521	3.64906961852551	1.42022323144442	3.63923966881284	2.17034754893409	2.52290151979039	3.32422457426647	7.61318895341827
TCGA-SW-A7EA-01	1.59840753610994	2.29411249641826	1.76417490781249	1.08513879887707	0.656302745203783	2.29392089292812	0.821661123602824	1.51925002509797	1.68831720332831	7.06366338745431
TCGA-SW-A7EB-01	2.72454667377587	3.11220178692968	1.53667409547155	3.48699155591131	0.483085375468315	2.34045182427348	1.45807443580417	2.03068235125559	2.53301688923009	5.68195757089185
TCGA-VQ-A8DT-01	1.34098156721216	1.46186580525337	0.829021003107125	1.33822301341853	0.24242363062718	1.72063291724316	0.756527239154228	1.66007623950543	1.95001130880197	4.70667727501617
TCGA-VQ-A8DU-01	1.85892948446051	2.80758464709462	1.44177322939823	1.69621574278317	0.505425905887614	2.6191498974795	1.51221090487113	2.05914353839336	2.36093589667205	6.62724175073983
TCGA-VQ-A8DV-01	0.865809170752311	2.36559380849869	0.657796335717631	0.758226054135699	0.199159632909767	1.78233490334709	0.761689169998228	1.72068619730925	2.32135699208261	4.49058176568838
TCGA-VQ-A8DZ-01	1.33442971619579	4.68889300463929	1.06953709936511	0.908830627909339	0.294407852206714	3.03485806263878	1.28370448534739	2.99683066669671	3.1604677616144	6.27092369741504
TCGA-VQ-A8E0-01	1.91029092539405	0.308296093971011	0.726309517676001	0.771642851606356	0.387873448150024	3.03768914349851	2.11266241188536	2.5420327003985	2.9213112295912	5.44547587276211
TCGA-VQ-A8E2-01	2.86401021045014	4.19308091911921	1.83745110357463	1.33398447390466	0.600568209048293	3.23382042312371	1.82434025548334	2.04679806031023	3.59873586138345	8.11932473865039
TCGA-VQ-A8E3-01	2.68240588550222	2.40448340479112	2.66282656713584	1.49034877662108	1.95964497428987	3.13565513570126	1.35530381153908	2.07358184001824	2.92235776087985	5.99423422554031
TCGA-VQ-A8E7-01	1.32679323653547	1.76480900944463	0.664756941330725	0.647298197447636	0.188478832432086	1.89566993878099	0.705724874226814	2.10105755190015	2.87866845545204	6.81306108486224
TCGA-VQ-A8P2-01	1.21647443606565	0.646817894904324	0.890346853721389	0.415909213467832	0.261491188944419	1.58547946385535	0.601759032483996	1.49672411221892	2.27522380792084	5.41577520376367
TCGA-VQ-A8P3-01	1.68528987714238	1.87350069204251	1.60570533137769	0.708341442721683	0.617196922012758	1.68622528160909	0.727455646901216	1.75908769585647	2.67555997959055	6.9152156504617
TCGA-VQ-A8P5-01	1.94376561863959	1.68805445734606	1.68090797997863	1.1887345598929	1.01702404603231	3.08663523592368	1.27452066124176	1.9780480444378	2.77541832981839	7.34772947966256
TCGA-VQ-A8P8-01	2.22826614812563	1.47369483067375	0.91189141334322	4.913436642159	0.319760146461514	2.51720637865554	1.59803154536122	1.69595479934698	3.35749083884831	6.91793843835564
TCGA-VQ-A8PB-01	1.6533005809338	1.83069108032444	1.69646989696504	0.876937047011955	0.350356460630727	2.42179116253686	0.717562213431687	1.64735201418752	2.70333952306328	6.82018368648455
TCGA-VQ-A8PC-01	2.53777100463711	1.65954746504391	1.3457622400342	3.95011158676312	0.51470026313176	4.27984425491243	1.88184254637448	2.7503874682101	3.45100225563014	6.6991389251171
TCGA-VQ-A8PD-01	3.62471802789666	3.11696581684057	2.52347908950915	5.10753667370203	0.790306735710033	3.85556148593454	2.351312720212	2.88888483368067	3.87490884618737	7.64465898387956
TCGA-VQ-A8PE-01	2.84560063757612	3.92939580207136	1.58317756388509	3.77474893437952	0.78977522599177	3.51138151235452	1.7522903900104	2.65484692504968	2.87035557161532	6.34651355008655
TCGA-VQ-A8PF-01	3.52009881254569	4.1807160234373	2.81585703074144	3.23551490437854	0.946334739750582	4.84800148893378	3.08176003115376	2.14480822961457	3.83181061557411	6.80274201849762
TCGA-VQ-A8PH-01	2.53592348453769	4.15925426088212	1.28267778601749	2.39241571735115	0.223415761215281	2.12823538102291	1.49556456762845	1.6979667063274	2.14156779958074	5.21962192995341
TCGA-VQ-A8PJ-01	1.36305935452894	3.95382032553437	0.710721748865503	1.07496932877225	0.359710286446866	2.55407831636368	0.902663885453959	2.48382346068016	3.02792181945195	5.72046165402168
TCGA-VQ-A8PK-01	1.69616581796802	3.35236532113101	1.44151034651458	0.911436147056873	1.05316962391607	2.83204876237338	0.600145708116435	2.31314356939876	2.67331334373851	7.47009507525159
TCGA-VQ-A8PM-01	2.52031681821137	2.00812808472554	1.52425277815133	4.06985361899718	0.517061774326847	3.13166759351798	1.79028074024403	2.11270664257498	3.4798465221469	6.65794352566962
TCGA-VQ-A8PO-01	2.98472189878332	3.14396488512859	2.05432189187602	4.12539943458506	0.679451275700828	3.26457208498809	1.2789648886332	1.5972435051035	2.61571890444199	6.96667893136252
TCGA-VQ-A8PP-01	2.55352676585876	2.69914289535228	2.26132707792429	3.31499079948297	0.53930549847899	3.27615382570759	1.10698512770546	1.79438051784716	2.75379722769605	7.86941668176715
TCGA-VQ-A8PQ-01	5.0419547218326	4.48252009437409	2.37167040953638	6.78691431013317	1.05743115391319	4.18828375953842	3.03518014752729	2.46512314731808	3.65044869486324	7.21623804839476
TCGA-VQ-A8PU-01	0.834676214410553	0.175866234923127	0.464099234671776	0.667589082414543	0.324021184523181	1.93639385004033	0.572807830409233	2.24483992057673	2.3991407299471	5.4321123259435
TCGA-VQ-A8PX-01	2.46434059100949	2.09985444759294	1.2145193665644	1.79790294293721	0.22925748685785	2.26236602442343	1.39661525923199	2.57581570663099	2.47644616716115	4.35605706623082
TCGA-VQ-A91A-01	1.5451584039436	0.614080820259459	1.1847015991306	1.2174050922551	0.507097179114671	4.10286076524592	1.39871744735333	2.59142448905005	3.97347383578039	8.68311041649045
TCGA-VQ-A91D-01	1.80471755111559	1.07827475099741	1.43843286336784	0.595632093571306	0.811342008064231	3.16929695540407	0.573429522317179	1.83829856829972	2.32122457573851	7.16253780316226
TCGA-VQ-A91E-01	2.63526075339272	2.66364352816561	2.11671466230409	3.35724600464197	0.720945773151411	2.56582224506431	0.972815096887754	2.18620077531142	2.26612689706625	5.2013154639483
TCGA-VQ-A91K-01	2.29853850328248	2.08570906710865	1.36167737707769	1.02290183599496	0.302016619850277	3.81547940784593	1.43381377037005	1.9092335044222	2.54871379445708	7.19494929213286
TCGA-VQ-A91N-01	1.92160388498316	1.5409966729884	1.45185807099954	2.34347416524129	0.648450648439627	2.24141698361535	1.37720713346231	2.26623708056075	2.73500191796553	5.68893134390067
TCGA-VQ-A91Q-01	1.73749200615836	0.444779305386008	1.21929516984401	1.24665576816631	0.46845970701724	2.63550822359367	1.13668670715023	2.5846347872666	3.96914930431598	7.86227700479167
TCGA-VQ-A91S-01	2.6537073446971	4.66752262972818	2.25556259916856	1.09082929852283	0.796861878556083	3.0066571809545	1.02207020166847	2.44143867197191	3.06205578716489	5.85842662662751
TCGA-VQ-A91U-01	2.67030085916635	2.80022540684151	1.43145619894399	2.00280364947304	0.498426524556879	2.99614107630059	1.54181894307964	1.72503996276147	2.97585164913007	5.82128038962638
TCGA-VQ-A91V-01	1.36147613801113	1.05329548046703	0.73005043432671	1.23334655312101	0.418155269247247	1.96099422681847	0.858304726655326	2.16925165197445	2.43415475857248	4.96393725033311
TCGA-VQ-A91X-01	1.16332219306799	0.324925638281611	0.301767872715344	1.30265393421003	0.0949614767366287	1.11039067904393	0.596340004462579	1.97002316919302	1.19868645843667	3.87373865489477
TCGA-VQ-A91Y-01	3.00691023256394	2.33139898112502	1.99263810061024	2.50768266253182	0.834905731558127	4.31962345316881	1.8581458219984	1.7538033639794	3.224011464057	8.3417966885478
TCGA-VQ-A91Z-01	1.45145796672638	3.74867562119011	0.443673622076488	0.759590051243945	0.114727607217618	1.50277426309232	0.596818161242849	2.12666734676131	1.90409086760488	5.10892571757248
TCGA-VQ-A922-01	1.74035570303536	2.07166837189362	0.77618026059944	2.28103399973749	0.461017445785336	2.85316186571663	1.08303676121406	2.14754854973438	4.00157870335316	8.15749834841342
TCGA-VQ-A924-01	2.46370284382327	2.46411121003535	2.00842989634891	1.29752901746304	0.777049663313854	3.48756082862353	1.39187374296064	1.60535391301327	2.39165780066873	7.15587992774935
TCGA-VQ-A925-01	2.16411958563739	1.98330638952799	1.24234155163991	1.60220581559968	0.329520349547546	2.32710655216764	0.983548012944601	2.08986239183858	3.0615192702841	6.17775013901078
TCGA-VQ-A927-01	2.06045492444536	1.28710502214814	1.09151877767319	1.76388060018285	0.727539895002521	2.33495083372843	1.25236566560576	2.25151805909809	3.38771681064235	6.73613073376728
TCGA-VQ-A928-01	1.61190726887361	0.660280878679464	0.884355832175801	1.24264367223917	0.364712889212625	2.6836720583862	0.999019628317354	2.23338138849081	3.40214792955897	7.76720855415816
TCGA-VQ-A92D-01	1.12720960601885	0.775685366024397	0.693400148875789	0.968832251219749	0.300719225649869	1.9732553691256	0.579294369513145	1.50541157448078	2.75443521038277	6.76719703351116
TCGA-VQ-A94O-01	2.79759472433916	1.85553348765196	1.5574637457309	1.26163642471955	0.318752701452601	3.11643817662468	1.08022328000369	2.27236416866457	3.13789305116568	6.06805740039827
TCGA-VQ-A94P-01	2.33947571819427	2.52981394727735	1.68737026278728	2.09846179143648	0.61554996573032	3.0559439305265	1.94737703759164	1.83307013809548	4.02190245583518	8.8898945584764
TCGA-VQ-A94R-01	2.38836637420107	2.36648883360257	1.30233546699358	2.34862357333984	0.565057315987463	3.35268142154879	1.59368837447183	1.84173504122337	3.25938509311396	7.44496384269794
TCGA-VQ-A94T-01	0.882493174323029	0.315869613143113	1.13834181276808	0.918024986502561	0.665274440331836	2.44623004798052	0.475994297656426	2.26726412777214	3.11859844057446	6.28087068647546
TCGA-VQ-A94U-01	1.67117789144383	0.90995807247714	0.689645195800903	1.04968413409107	0.548560713443542	2.24615067480466	1.31154823362665	1.94753480284158	3.75105469197514	7.51348137661933
TCGA-VQ-AA64-01	1.8615262958343	2.07005835908727	1.05498291001093	2.34228244418383	0.381830799607696	2.72684090819743	0.970617365098617	2.1396240355834	3.58689983266919	8.66681255981272
TCGA-VQ-AA68-01	2.4851288509166	2.29914434712568	1.44675496954542	3.44135035802784	0.428786655987396	2.44889190079635	1.63440630223437	2.08356278620216	2.41219036134862	5.81708053137295
TCGA-VQ-AA69-01	2.48945526088163	2.40946111180495	1.89700225159157	0.341422064124425	0.417559229427346	2.95175328100255	1.0326718583062	1.98334748835866	2.13449733768529	4.98020376532551
TCGA-VQ-AA6A-01	1.5961496385986	0.561098482866647	0.81480494601314	1.16720587430344	0.420281116959054	2.4262716795918	1.24693697172278	1.86767382498635	2.40483109265097	5.88005990288543
TCGA-VQ-AA6D-01	1.63243151411234	3.79991432808502	0.61137075662785	0.959820284234971	0.166696333196418	2.62534737614708	0.446676728792211	2.53780046557775	2.23396670752663	5.45451327786867
TCGA-VQ-AA6F-01	2.38974369510938	1.81833981214065	1.4231254119805	4.23443282439088	0.696495396057599	2.74303874939149	1.06353168324042	2.39844931800729	3.10948905648609	5.7654129035693
TCGA-VQ-AA6G-01	1.41364216682713	0.51383076493423	0.688368257767702	1.30600067938825	0.327754440521892	2.70460141196887	1.01506180135949	2.09646018250261	3.1141133569654	5.72927590424052
TCGA-VQ-AA6J-01	3.01389058100328	3.43550866318467	1.5370454457661	4.45909047280715	0.45356527713439	4.3531592453503	2.56217384039053	2.06604460824863	3.03433035883556	6.78438203372944
TCGA-VQ-AA6K-01	2.23315414213274	2.73389559786541	1.9096404788192	1.27260146523407	0.545083972397566	2.6168433028091	1.18641581664992	2.02664809390623	2.87544158268356	6.9645366507585
TCGA-ZA-A8F6-01	1.97146971913043	1.20467984542681	0.99675888049907	1.34492531669508	0.518771035739043	3.88688766028791	2.09108309371395	1.98380585877672	3.10690534793785	7.59747038943175
TCGA-ZQ-A9CR-01	1.99433937028193	2.15552641780468	1.79901903338809	1.09782609508854	0.468527927741854	2.74818220314301	1.28837820717057	2.05273250039577	3.60359225576387	7.99089113651487
