Tag	StromalScore	ImmuneScore	ESTIMATEScore
TCGA-3M-AB46-01	1079.809	1766.372	2846.181
TCGA-B7-5818-01	1508.634	4573.01	6081.644
TCGA-B7-A5TI-01	2350.083	2861.946	5212.029
TCGA-B7-A5TJ-01	736.9821	1748.8003	2485.7823
TCGA-B7-A5TK-01	3451.441	5707.906	9159.347
TCGA-B7-A5TN-01	2545.155	2616.991	5162.147
TCGA-BR-4187-01	5151.978	5353.18	10505.159
TCGA-BR-4191-01	3464.545	5593.921	9058.466
TCGA-BR-4201-01	4148.881	4711.427	8860.308
TCGA-BR-4253-01	2576.129	6430.209	9006.339
TCGA-BR-4256-01	4579.528	5891.569	10471.097
TCGA-BR-4257-01	3181.752	4633.683	7815.435
TCGA-BR-4267-01	1498.337	3277.449	4775.786
TCGA-BR-4279-01	5109.119	5282.539	10391.658
TCGA-BR-4280-01	900.5719	3746.774	4647.3458
TCGA-BR-6452-01	1938.857	3866.117	5804.974
TCGA-BR-6453-01	3313.194	6074.338	9387.532
TCGA-BR-6455-01	2128.192	4044.836	6173.028
TCGA-BR-6456-01	3586.638	3770.162	7356.8
TCGA-BR-6457-01	4135.284	4370.797	8506.081
TCGA-BR-6458-01	3181.071	4640.502	7821.573
TCGA-BR-6563-01	4262.415	5731.358	9993.773
TCGA-BR-6564-01	3745.194	4003.687	7748.88
TCGA-BR-6565-01	2593.304	4193.063	6786.367
TCGA-BR-6566-01	2745.528	4419.255	7164.783
TCGA-BR-6705-01	4298.96	3759.508	8058.468
TCGA-BR-6707-01	1884.479	4754.303	6638.783
TCGA-BR-6709-01	3516.126	5921.901	9438.028
TCGA-BR-6710-01	998.6049	2589.2745	3587.8794
TCGA-BR-6801-01	1902.548	2081.807	3984.354
TCGA-BR-6802-01	1793.434	4581.274	6374.708
TCGA-BR-6803-01	3607.895	4391.045	7998.94
TCGA-BR-6852-01	2950.649	5606.161	8556.81
TCGA-BR-7196-01	3921.975	4811.633	8733.608
TCGA-BR-7197-01	903.8184	1054.7519	1958.5702
TCGA-BR-7704-01	1823.234	5084.565	6907.798
TCGA-BR-7707-01	1343.261	3346.793	4690.053
TCGA-BR-7715-01	2141.263	1740.013	3881.276
TCGA-BR-7716-01	2234.972	4751.576	6986.548
TCGA-BR-7717-01	1915.45	2711.505	4626.955
TCGA-BR-7722-01	1745.243	3096.184	4841.426
TCGA-BR-7723-01	1809.05	3256.464	5065.514
TCGA-BR-7851-01	2196.574	3480.286	5676.86
TCGA-BR-7901-01	3254.962	3834.619	7089.581
TCGA-BR-7957-01	3891.758	2978.027	6869.785
TCGA-BR-7958-01	3043.049	5808.639	8851.688
TCGA-BR-7959-01	3556.963	2965.896	6522.859
TCGA-BR-8058-01	3913.78	5659.96	9573.74
TCGA-BR-8059-01	2737.406	2121.692	4859.098
TCGA-BR-8060-01	3080.112	3800.884	6880.996
TCGA-BR-8077-01	1867.029	4328.701	6195.73
TCGA-BR-8080-01	4059.829	4715.634	8775.463
TCGA-BR-8081-01	3489.793	5495.008	8984.801
TCGA-BR-8284-01	3393.024	5047.743	8440.767
TCGA-BR-8286-01	2182.778	3322.475	5505.253
TCGA-BR-8289-01	2077.711	2240.498	4318.209
TCGA-BR-8291-01	4480.388	4816.496	9296.884
TCGA-BR-8295-01	-697.8686	-407.362	-1105.2306
TCGA-BR-8296-01	1917.292	4850.031	6767.323
TCGA-BR-8297-01	2595.754	2792.852	5388.606
TCGA-BR-8361-01	902.3026	3540.6441	4442.9467
TCGA-BR-8364-01	4358.56	4318.081	8676.641
TCGA-BR-8365-01	3921.596	3995.921	7917.517
TCGA-BR-8366-01	3730.48	5991.429	9721.909
TCGA-BR-8367-01	2982.745	2812.542	5795.287
TCGA-BR-8368-01	63.08692	2744.36248	2807.44941
TCGA-BR-8369-01	1688.611	1887.983	3576.594
TCGA-BR-8371-01	2536.006	3897.239	6433.245
TCGA-BR-8372-01	1673.032	4746.563	6419.594
TCGA-BR-8373-01	2405.977	2396.959	4802.936
TCGA-BR-8380-01	3133.464	2813.897	5947.361
TCGA-BR-8381-01	3355.882	5521.707	8877.589
TCGA-BR-8382-01	2545.625	4095.191	6640.817
TCGA-BR-8384-01	4030.28	4190.367	8220.647
TCGA-BR-8483-01	284.5455	889.6998	1174.2453
TCGA-BR-8484-01	2641.377	4840.728	7482.105
TCGA-BR-8485-01	2320.698	3693.144	6013.841
TCGA-BR-8487-01	1168.52	3405.419	4573.939
TCGA-BR-8588-01	3236.844	4801.069	8037.912
TCGA-BR-8589-01	759.2731	5261.6976	6020.9707
TCGA-BR-8590-01	3698.295	4470.093	8168.389
TCGA-BR-8591-01	1880.705	3620.565	5501.27
TCGA-BR-8592-01	3790.054	4222.659	8012.713
TCGA-BR-8676-01	570.9127	4153.3493	4724.262
TCGA-BR-8677-01	3592.09	4488.132	8080.222
TCGA-BR-8678-01	1070.463	1637.405	2707.868
TCGA-BR-8680-01	-398.58023	324.61871	-73.96151
TCGA-BR-8682-01	3125.511	3606.008	6731.519
TCGA-BR-8683-01	2624.324	3023.141	5647.465
TCGA-BR-8686-01	2945.81	5232.543	8178.353
TCGA-BR-8687-01	1418.805	1896.81	3315.615
TCGA-BR-8690-01	2645.929	4822.415	7468.343
TCGA-BR-A44T-01	2971.031	6196.845	9167.876
TCGA-BR-A44U-01	1652.924	1717.847	3370.772
TCGA-BR-A4CS-01	1896.366	2953.755	4850.121
TCGA-BR-A4IV-01	4119.771	3083.982	7203.752
TCGA-BR-A4J4-01	1917.081	3483.039	5400.12
TCGA-BR-A4J5-01	3728.577	3791.76	7520.337
TCGA-BR-A4J6-01	1422.772	2216.575	3639.347
TCGA-BR-A4J7-01	3558.852	4985.204	8544.056
TCGA-BR-A4J8-01	2328.002	2577.139	4905.141
TCGA-BR-A4J9-01	2886.589	3324.134	6210.722
TCGA-BR-A4PF-01	1380.036	4264.902	5644.938
TCGA-BR-A4QL-01	94.21478	2410.85309	2505.06787
TCGA-CD-5798-01	3461.275	3880.713	7341.988
TCGA-CD-5799-01	1353.301	2058.828	3412.13
TCGA-CD-5800-01	363.2175	2098.9119	2462.1295
TCGA-CD-5801-01	1865.98	5242.702	7108.682
TCGA-CD-5803-01	4410.296	5989.49	10399.786
TCGA-CD-5813-01	4551.179	5660.644	10211.823
TCGA-CD-8524-01	2564.882	3233.342	5798.224
TCGA-CD-8525-01	2002.071	4064.897	6066.968
TCGA-CD-8526-01	1661.741	2992.351	4654.092
TCGA-CD-8527-01	797.0571	2562.2086	3359.2657
TCGA-CD-8528-01	1512.352	2535.042	4047.395
TCGA-CD-8529-01	3632.177	5380.594	9012.771
TCGA-CD-8530-01	3616.096	3411.409	7027.505
TCGA-CD-8531-01	2179.269	5104.866	7284.135
TCGA-CD-8532-01	2387.803	4985.953	7373.756
TCGA-CD-8533-01	543.8218	298.8742	842.696
TCGA-CD-8534-01	1562.535	3204.115	4766.65
TCGA-CD-8535-01	160.2886	640.4566	800.7452
TCGA-CD-A486-01	1776.134	2885.702	4661.835
TCGA-CD-A487-01	1893.081	2307.844	4200.925
TCGA-CD-A489-01	2937.875	3872.034	6809.908
TCGA-CD-A48A-01	790.0854	2612.6687	3402.7542
TCGA-CD-A48C-01	1963.784	2888.242	4852.026
TCGA-CD-A4MG-01	2434.217	3594.8	6029.016
TCGA-CD-A4MH-01	1078.942	2493.972	3572.914
TCGA-CG-4301-01	3255.513	3957.277	7212.791
TCGA-CG-4305-01	3134.538	5015.041	8149.579
TCGA-CG-4306-01	2578.794	4224.929	6803.723
TCGA-CG-4436-01	524.537	3611.197	4135.734
TCGA-CG-4437-01	2642.637	4780.849	7423.486
TCGA-CG-4438-01	1837.101	4528.031	6365.132
TCGA-CG-4440-01	593.9231	2822.1481	3416.0712
TCGA-CG-4441-01	2560.141	3522.858	6083
TCGA-CG-4443-01	1020.159	1093.146	2113.305
TCGA-CG-4444-01	2630.413	4058.723	6689.136
TCGA-CG-4460-01	1001.581	2594.146	3595.727
TCGA-CG-4465-01	2851.339	4176.174	7027.513
TCGA-CG-4466-01	-213.9052	1704.7932	1490.888
TCGA-CG-4469-01	1209.119	3600.416	4809.535
TCGA-CG-4475-01	3221.243	2919.932	6141.175
TCGA-CG-4477-01	2631.472	5163.25	7794.722
TCGA-CG-5717-01	1539.581	4207.516	5747.097
TCGA-CG-5718-01	1564.121	4103.408	5667.529
TCGA-CG-5719-01	3656.853	4079.876	7736.729
TCGA-CG-5720-01	2477.91	4507.627	6985.538
TCGA-CG-5721-01	2511.028	6004.651	8515.68
TCGA-CG-5722-01	2415.282	5883.872	8299.154
TCGA-CG-5723-01	2041.999	4883.334	6925.333
TCGA-CG-5724-01	1722.872	3423.024	5145.896
TCGA-CG-5725-01	-114.8389	808.9075	694.0686
TCGA-CG-5726-01	-490.2797	1728.9061	1238.6264
TCGA-CG-5732-01	515.3403	4513.8839	5029.2242
TCGA-CG-5734-01	2197.661	5676.079	7873.74
TCGA-D7-5577-01	1867.005	5153.091	7020.096
TCGA-D7-5578-01	2455.222	4155.377	6610.599
TCGA-D7-6519-01	834.2587	2324.9261	3159.1848
TCGA-D7-6520-01	2284.257	2639.117	4923.375
TCGA-D7-6521-01	3644.858	4835.67	8480.529
TCGA-D7-6522-01	4862.575	6598.056	11460.632
TCGA-D7-6524-01	3782.645	4404.756	8187.401
TCGA-D7-6525-01	2031.854	2869.411	4901.265
TCGA-D7-6526-01	498.4696	1833.9157	2332.3853
TCGA-D7-6527-01	1475.991	2909.348	4385.34
TCGA-D7-6528-01	-122.6829	1564.691	1442.008
TCGA-D7-6815-01	1681.397	2425.612	4107.009
TCGA-D7-6818-01	3602.361	4225.392	7827.754
TCGA-D7-6822-01	758.5963	2358.0172	3116.6136
TCGA-D7-8570-01	3074.89	6078.267	9153.157
TCGA-D7-8572-01	3184.92	3808.675	6993.595
TCGA-D7-8573-01	17.69183	2234.18683	2251.87866
TCGA-D7-8574-01	4238.67	6128.669	10367.339
TCGA-D7-8575-01	1266.985	4052.181	5319.166
TCGA-D7-8576-01	1631.078	2691.519	4322.597
TCGA-D7-8578-01	3115.709	3147.218	6262.927
TCGA-D7-8579-01	3378.2	4096.562	7474.761
TCGA-D7-A4YU-01	2542.791	5280.137	7822.928
TCGA-D7-A4YX-01	1000.388	4036.18	5036.568
TCGA-D7-A4Z0-01	2659.639	4571.31	7230.949
TCGA-D7-A6EV-01	-163.6318	1602.0206	1438.3888
TCGA-D7-A6EX-01	512.4412	1137.0291	1649.4703
TCGA-D7-A6EY-01	2257.947	5174.093	7432.04
TCGA-D7-A6EZ-01	2120.531	4668.713	6789.244
TCGA-D7-A6F0-01	606.0097	3089.0398	3695.0495
TCGA-D7-A6F2-01	1631.988	3869.756	5501.744
TCGA-D7-A747-01	3081.633	4464.125	7545.757
TCGA-D7-A748-01	4621.792	5389.945	10011.738
TCGA-D7-A74A-01	-509.7345	2595.7952	2086.0607
TCGA-EQ-8122-01	1883.924	2067.741	3951.665
TCGA-F1-6874-01	2007.585	4291.933	6299.518
TCGA-F1-6875-01	-239.02757	311.33506	72.30749
TCGA-F1-A448-01	2894.466	4728.564	7623.03
TCGA-F1-A72C-01	2316.059	3614.777	5930.836
TCGA-FP-7735-01	1624.347	3709.663	5334.011
TCGA-FP-7829-01	1812.602	2256.652	4069.254
TCGA-FP-7916-01	3351.568	5535.084	8886.652
TCGA-FP-7998-01	3867.296	6427.421	10294.716
TCGA-FP-8099-01	1544.307	2609.45	4153.757
TCGA-FP-8209-01	4446.312	5872.464	10318.776
TCGA-FP-8210-01	4294.44	5795.603	10090.043
TCGA-FP-8211-01	81.12763	3142.29774	3223.42538
TCGA-FP-8631-01	1204.94	1587.977	2792.917
TCGA-FP-A4BF-01	3740.021	5840.533	9580.553
TCGA-FP-A8CX-01	371.6568	3168.4243	3540.0811
TCGA-FP-A9TM-01	-71.18305	4220.14014	4148.95709
TCGA-HF-7132-01	2339.977	4876.499	7216.476
TCGA-HF-7133-01	2205.097	4472.826	6677.923
TCGA-HF-7134-01	917.9218	2909.1924	3827.1142
TCGA-HF-A5NB-01	-314.564	2516.183	2201.619
TCGA-HJ-7597-01	-137.9265	3314.5976	3176.6712
TCGA-HU-8238-01	1496.244	3648.914	5145.159
TCGA-HU-8244-01	-1746.4912	1349.8403	-396.6508
TCGA-HU-8249-01	316.2465	3108.5245	3424.771
TCGA-HU-8602-01	1625.967	4547.268	6173.234
TCGA-HU-8604-01	2755.719	5511.156	8266.875
TCGA-HU-8608-01	2291.875	5949.425	8241.3
TCGA-HU-8610-01	2207.912	4893.58	7101.493
TCGA-HU-A4G2-01	1421.411	3294.947	4716.358
TCGA-HU-A4G3-01	731.3999	2360.3517	3091.7517
TCGA-HU-A4G8-01	977.1073	3538.7703	4515.8776
TCGA-HU-A4G9-01	-1596.0405	767.4671	-828.5734
TCGA-HU-A4GC-01	1391.5	2581.592	3973.092
TCGA-HU-A4GD-01	-1613.5083	1102.2039	-511.3044
TCGA-HU-A4GF-01	350.8682	2892.2579	3243.1261
TCGA-HU-A4GH-01	-1412.8043	2249.6421	836.8378
TCGA-HU-A4GJ-01	2152.192	6743.649	8895.841
TCGA-HU-A4GP-01	639.0181	2252.2139	2891.2319
TCGA-HU-A4GQ-01	1995.386	2995.612	4990.998
TCGA-HU-A4GT-01	388.3733	2445.3517	2833.725
TCGA-HU-A4GU-01	46.55233	1844.01726	1890.56959
TCGA-HU-A4GX-01	696.494	4242.264	4938.758
TCGA-HU-A4GY-01	4353.237	6710.728	11063.965
TCGA-HU-A4H0-01	601.7745	4327.9662	4929.7407
TCGA-HU-A4H2-01	746.8127	3135.7272	3882.5399
TCGA-HU-A4H3-01	494.6245	2610.2185	3104.8429
TCGA-HU-A4H4-01	1321.54	4497.747	5819.287
TCGA-HU-A4H5-01	11.30271	2456.71429	2468.017
TCGA-HU-A4H6-01	1463.598	3982.929	5446.527
TCGA-HU-A4H8-01	-684.3055	1918.7001	1234.3945
TCGA-HU-A4HB-01	1335.338	5698.082	7033.42
TCGA-HU-A4HD-01	1130.423	1877.618	3008.041
TCGA-IN-7806-01	165.1944	1667.2155	1832.41
TCGA-IN-7808-01	1426.4	6336.185	7762.585
TCGA-IN-8462-01	1767.191	2783.413	4550.605
TCGA-IN-8663-01	114.2787	1339.512	1453.7907
TCGA-IN-A6RI-01	-926.8944	1261.9726	335.0782
TCGA-IN-A6RJ-01	-505.2019	2056.5745	1551.3726
TCGA-IN-A6RL-01	559.4368	2545.0674	3104.5042
TCGA-IN-A6RN-01	-241.776	1789.825	1548.049
TCGA-IN-A6RR-01	113.8158	2336.894	2450.7098
TCGA-IN-A6RS-01	689.0306	3765.8738	4454.9044
TCGA-IN-A7NR-01	958.7686	3430.7504	4389.519
TCGA-IN-A7NT-01	931.3808	1858.7141	2790.0949
TCGA-IN-A7NU-01	1964.053	3903.498	5867.551
TCGA-IN-AB1V-01	-911.0422	1805.9229	894.8807
TCGA-IN-AB1X-01	432.6973	4281.2003	4713.8976
TCGA-IP-7968-01	2364.615	3200.99	5565.605
TCGA-KB-A6F7-01	290.6027	4043.8171	4334.4198
TCGA-KB-A93G-01	4380.338	4228.327	8608.665
TCGA-KB-A93H-01	-1013.2408	1763.5476	750.3068
TCGA-KB-A93J-01	1234.553	4376.319	5610.873
TCGA-MX-A5UG-01	4296.542	5717.01	10013.552
TCGA-MX-A5UJ-01	2228.481	2851.3	5079.782
TCGA-MX-A663-01	3321.63	2465.162	5786.792
TCGA-MX-A666-01	46.77149	2532.22151	2578.993
TCGA-R5-A7O7-01	1364.344	3303.571	4667.914
TCGA-R5-A7ZE-01	-879.3063	620.617	-258.6894
TCGA-R5-A7ZF-01	-785.5692	1093.3639	307.7947
TCGA-R5-A7ZI-01	1249.18	5231.984	6481.164
TCGA-R5-A7ZR-01	-316.7675	2150.506	1833.7385
TCGA-R5-A805-01	2829.138	5133.359	7962.497
TCGA-RD-A7BS-01	2071.874	4099.661	6171.535
TCGA-RD-A7BT-01	-549.7078	2324.6103	1774.9025
TCGA-RD-A7BW-01	4346.4	5313.135	9659.535
TCGA-RD-A7C1-01	1938.112	4986.443	6924.555
TCGA-RD-A8MV-01	1847.413	5574.312	7421.725
TCGA-RD-A8MW-01	3384.279	5018.81	8403.089
TCGA-RD-A8N0-01	3275.436	5922.397	9197.833
TCGA-RD-A8N1-01	2618.146	5712.916	8331.062
TCGA-RD-A8N2-01	3254.084	3483.309	6737.393
TCGA-RD-A8N4-01	2842.45	3653.608	6496.058
TCGA-RD-A8N5-01	3950.231	4452.911	8403.142
TCGA-RD-A8N6-01	1288.402	1656.433	2944.835
TCGA-RD-A8N9-01	3974.999	4336.836	8311.835
TCGA-RD-A8NB-01	2563.851	4577.767	7141.618
TCGA-SW-A7EA-01	1255.043	3079.601	4334.644
TCGA-SW-A7EB-01	585.8892	3356.0292	3941.9184
TCGA-VQ-A8DT-01	-533.4073	1978.6826	1445.2753
TCGA-VQ-A8DU-01	1063.127	2298.649	3361.776
TCGA-VQ-A8DV-01	-512.0307	798.4113	286.3806
TCGA-VQ-A8DZ-01	809.2383	2259.4686	3068.7069
TCGA-VQ-A8E0-01	206.0275	2966.2544	3172.2819
TCGA-VQ-A8E2-01	1984.344	2065.939	4050.283
TCGA-VQ-A8E3-01	505.8074	3914.5384	4420.3458
TCGA-VQ-A8E7-01	868.8021	1602.5821	2471.3842
TCGA-VQ-A8P2-01	-514.0903	1040.995	526.9047
TCGA-VQ-A8P3-01	1636.59	2589.68	4226.27
TCGA-VQ-A8P5-01	1818.149	2907.608	4725.757
TCGA-VQ-A8P8-01	1921.032	3722.936	5643.968
TCGA-VQ-A8PB-01	1221.894	2444.051	3665.945
TCGA-VQ-A8PC-01	2065.773	4271.31	6337.083
TCGA-VQ-A8PD-01	2642.008	5510.319	8152.327
TCGA-VQ-A8PE-01	823.1093	3103.591	3926.7003
TCGA-VQ-A8PF-01	2985.323	5815.621	8800.944
TCGA-VQ-A8PH-01	-431.4187	2554.926	2123.5073
TCGA-VQ-A8PJ-01	-325.8706	1377.4825	1051.6119
TCGA-VQ-A8PK-01	981.3205	2390.7681	3372.0885
TCGA-VQ-A8PM-01	2176.732	4497.061	6673.792
TCGA-VQ-A8PO-01	1647.03	4304.716	5951.746
TCGA-VQ-A8PP-01	1617.456	3222.702	4840.157
TCGA-VQ-A8PQ-01	3034.421	6437.775	9472.196
TCGA-VQ-A8PU-01	-350.6557	1420.7612	1070.1055
TCGA-VQ-A8PX-01	-837.086	2776.158	1939.072
TCGA-VQ-A91A-01	3658.064	3513.266	7171.33
TCGA-VQ-A91D-01	1493.408	3230.883	4724.291
TCGA-VQ-A91E-01	-590.4619	3365.4611	2774.9992
TCGA-VQ-A91K-01	1637.768	3591.966	5229.734
TCGA-VQ-A91N-01	-162.7262	1836.493	1673.7668
TCGA-VQ-A91Q-01	1696.818	1480.599	3177.417
TCGA-VQ-A91S-01	706.3101	3429.8788	4136.1889
TCGA-VQ-A91U-01	918.1212	3637.5053	4555.6265
TCGA-VQ-A91V-01	-740.8915	1476.1062	735.2147
TCGA-VQ-A91X-01	-1879.5661	477.6321	-1401.934
TCGA-VQ-A91Y-01	3301.726	4540.361	7842.087
TCGA-VQ-A91Z-01	-1624.6699	35.04145	-1589.62845
TCGA-VQ-A922-01	2050.05	1363.969	3414.019
TCGA-VQ-A924-01	1413.471	3406.939	4820.41
TCGA-VQ-A925-01	-5.425654	1880.106052	1874.680398
TCGA-VQ-A927-01	1254.902	2923.463	4178.366
TCGA-VQ-A928-01	1968.076	2137.431	4105.507
TCGA-VQ-A92D-01	509.9721	929.9059	1439.878
TCGA-VQ-A94O-01	522.2922	2418.8123	2941.1045
TCGA-VQ-A94P-01	3815.257	3995.625	7810.882
TCGA-VQ-A94R-01	2487.801	2947.02	5434.821
TCGA-VQ-A94T-01	266.142	1087.528	1353.67
TCGA-VQ-A94U-01	1972.897	1607.222	3580.119
TCGA-VQ-AA64-01	2059.884	1900.502	3960.386
TCGA-VQ-AA68-01	7.899235	2961.050478	2968.949712
TCGA-VQ-AA69-01	-98.79594	2799.28384	2700.4879
TCGA-VQ-AA6A-01	-328.4008	1432.3015	1103.9008
TCGA-VQ-AA6D-01	-956.98503	1015.84504	58.86001
TCGA-VQ-AA6F-01	665.0169	3535.3537	4200.3706
TCGA-VQ-AA6G-01	203.1163	1940.5976	2143.7139
TCGA-VQ-AA6J-01	1741.595	4657.593	6399.189
TCGA-VQ-AA6K-01	1431.133	3020.301	4451.434
TCGA-ZA-A8F6-01	2988.221	3986.187	6974.409
TCGA-ZQ-A9CR-01	3227.813	4092.215	7320.029
